5000
0	1
0	2
1	2
3	0
4	0
5	0
6	0
7	0
8	0
9	0
10	2
11	2
12	1
13	1
14	5
15	6
16	2
17	0
18	0
19	0
20	3
21	9
22	0
23	15
24	17
25	2
26	0
27	0
28	0
29	16
30	16
31	0
32	15
33	1
34	20
35	21
36	6
37	16
38	0
39	32
40	17
41	2
42	0
43	0
44	0
45	2
46	0
47	24
48	1
49	0
50	41
51	15
52	7
53	6
54	1
55	0
56	4
57	5
58	33
59	35
60	9
61	2
62	3
63	1
64	2
65	13
66	15
67	21
68	34
69	2
70	0
71	49
72	7
73	54
74	21
75	29
76	0
77	24
78	32
79	57
80	16
81	3
82	74
83	3
84	6
85	2
86	62
87	0
88	78
89	52
90	15
91	41
92	41
93	41
94	2
95	0
96	3
97	2
98	91
99	16
100	27
101	4
102	0
103	0
104	91
105	0
106	87
107	0
108	0
109	32
110	14
111	14
112	2
113	3
114	25
115	32
116	6
117	93
118	0
119	54
120	0
121	0
122	47
123	18
124	32
125	41
126	115
127	116
128	42
129	107
130	123
131	22
132	0
133	2
134	118
135	0
136	2
137	4
138	0
139	59
140	0
141	83
142	0
143	91
144	7
145	0
146	1
147	24
148	3
149	78
150	42
151	12
152	7
153	5
154	32
155	7
156	0
157	1
158	26
159	100
160	124
161	98
162	32
163	59
164	7
165	2
166	39
167	0
168	21
169	140
170	0
171	33
172	54
173	53
174	5
175	21
176	151
177	32
178	2
179	37
180	0
181	78
182	123
183	10
184	87
185	60
186	13
187	7
188	32
189	83
190	24
191	15
192	165
193	91
194	16
195	1
196	0
197	4
198	115
199	100
200	0
201	2
202	54
203	127
204	73
205	2
206	54
207	88
208	24
209	2
210	20
211	59
212	47
213	130
214	22
215	171
216	103
217	2
218	12
219	73
220	107
221	125
222	0
223	16
224	0
225	116
226	116
227	5
228	41
229	1
230	125
231	21
232	130
233	173
234	23
235	219
236	6
237	0
238	8
239	0
240	57
241	144
242	31
243	84
244	232
245	150
246	32
247	0
248	125
249	0
250	13
251	41
252	14
253	128
254	39
255	227
256	39
257	131
258	52
259	109
260	7
261	134
262	177
263	5
264	7
265	169
266	247
267	225
268	15
269	21
270	99
271	65
272	7
273	65
274	152
275	14
276	29
277	114
278	47
279	2
280	3
281	126
282	177
283	0
284	17
285	47
286	114
287	110
288	265
289	150
290	273
291	101
292	228
293	0
294	93
295	90
296	41
297	87
298	20
299	21
300	13
301	73
302	2
303	21
304	269
305	99
306	277
307	0
308	27
309	13
310	120
311	18
312	73
313	20
314	1
315	285
316	109
317	66
318	99
319	13
320	98
321	167
322	199
323	150
324	11
325	151
326	22
327	292
328	252
329	67
330	152
331	54
332	205
333	0
334	188
335	0
336	289
337	1
338	2
339	35
340	240
341	3
342	1
343	285
344	30
345	2
346	148
347	41
348	70
349	1
350	76
351	270
352	41
353	124
354	107
355	0
356	340
357	103
358	0
359	15
360	15
361	221
362	0
363	49
364	84
365	340
366	162
367	120
368	241
369	191
370	356
371	21
372	151
373	109
374	16
375	21
376	0
377	333
378	42
379	222
380	0
381	13
382	2
383	33
384	21
385	20
386	17
387	9
388	0
389	13
390	112
391	54
392	151
393	13
394	374
395	332
396	16
397	3
398	164
399	193
400	177
401	2
402	0
403	126
404	99
405	25
406	212
407	73
408	120
409	334
410	316
411	228
412	277
413	66
414	196
415	230
416	83
417	2
418	75
419	247
420	192
421	2
422	0
423	35
424	395
425	185
426	0
427	21
428	10
429	32
430	84
431	379
432	247
433	70
434	315
435	172
436	0
437	166
438	109
439	410
440	303
441	116
442	340
443	54
444	10
445	313
446	57
447	152
448	95
449	16
450	398
451	2
452	13
453	15
454	291
455	0
456	404
457	75
458	124
459	309
460	62
461	144
462	0
463	285
464	209
465	309
466	111
467	284
468	52
469	154
470	103
471	13
472	0
473	378
474	13
475	3
476	141
477	41
478	141
479	3
480	372
481	446
482	239
483	430
484	295
485	128
486	21
487	184
488	215
489	41
490	116
491	19
492	62
493	109
494	21
495	76
496	27
497	2
498	397
499	2
500	0
501	269
502	19
503	27
504	15
505	15
506	316
507	399
508	4
509	2
510	52
511	2
512	44
513	496
514	146
515	170
516	474
517	106
518	73
519	139
520	199
521	493
522	131
523	3
524	49
525	59
526	20
527	456
528	180
529	0
530	154
531	507
532	366
533	16
534	166
535	339
536	65
537	444
538	187
539	326
540	230
541	52
542	104
543	420
544	208
545	341
546	57
547	0
548	439
549	516
550	499
551	128
552	203
553	41
554	21
555	286
556	510
557	331
558	16
559	467
560	360
561	448
562	58
563	299
564	203
565	0
566	352
567	289
568	0
569	57
570	376
571	107
572	10
573	0
574	2
575	199
576	49
577	103
578	41
579	113
580	549
581	1
582	330
583	15
584	0
585	485
586	4
587	57
588	507
589	32
590	1
591	508
592	205
593	269
594	2
595	545
596	412
597	332
598	88
599	37
600	47
601	0
602	7
603	62
604	2
605	2
606	233
607	14
608	545
609	482
610	15
611	0
612	412
613	76
614	87
615	4
616	456
617	121
618	574
619	603
620	70
621	69
622	0
623	42
624	0
625	160
626	348
627	37
628	228
629	49
630	340
631	425
632	507
633	126
634	0
635	272
636	446
637	105
638	225
639	277
640	291
641	16
642	7
643	54
644	154
645	76
646	3
647	150
648	0
649	339
650	563
651	247
652	125
653	573
654	3
655	81
656	449
657	15
658	131
659	23
660	354
661	52
662	425
663	228
664	7
665	3
666	423
667	73
668	15
669	166
670	291
671	513
672	586
673	372
674	111
675	376
676	106
677	116
678	0
679	15
680	21
681	52
682	60
683	507
684	246
685	184
686	269
687	0
688	13
689	26
690	62
691	6
692	53
693	9
694	274
695	347
696	107
697	40
698	10
699	412
700	0
701	589
702	24
703	87
704	476
705	669
706	73
707	0
708	167
709	124
710	107
711	145
712	285
713	348
714	449
715	555
716	99
717	122
718	21
719	533
720	15
721	16
722	267
723	581
724	447
725	109
726	3
727	544
728	663
729	289
730	451
731	50
732	440
733	404
734	171
735	5
736	109
737	339
738	687
739	225
740	2
741	131
742	313
743	33
744	73
745	357
746	257
747	95
748	16
749	0
750	0
751	21
752	0
753	37
754	631
755	581
756	21
757	558
758	16
759	599
760	2
761	565
762	216
763	76
764	412
765	610
766	499
767	3
768	88
769	356
770	90
771	0
772	0
773	162
774	39
775	57
776	24
777	41
778	2
779	262
780	70
781	2
782	0
783	173
784	511
785	91
786	37
787	98
788	354
789	0
790	595
791	151
792	0
793	286
794	0
795	1
796	122
797	537
798	1
799	474
800	19
801	108
802	44
803	407
804	796
805	20
806	738
807	0
808	525
809	689
810	99
811	374
812	128
813	146
814	657
815	172
816	333
817	17
818	47
819	32
820	631
821	510
822	151
823	1
824	351
825	577
826	90
827	507
828	525
829	151
830	0
831	0
832	21
833	3
834	116
835	494
836	54
837	545
838	0
839	54
840	528
841	31
842	1
843	399
844	69
845	821
846	58
847	343
848	125
849	322
850	130
851	563
852	591
853	423
854	412
855	502
856	41
857	573
858	59
859	232
860	2
861	338
862	449
863	16
864	123
865	53
866	615
867	516
868	852
869	540
870	0
871	721
872	239
873	118
874	122
875	348
876	0
877	765
878	118
879	236
880	257
881	225
882	15
883	290
884	396
885	2
886	16
887	570
888	54
889	688
890	244
891	0
892	0
893	4
894	34
895	361
896	790
897	145
898	857
899	1
900	134
901	320
902	823
903	796
904	413
905	0
906	894
907	49
908	291
909	197
910	190
911	4
912	420
913	605
914	425
915	20
916	502
917	182
918	425
919	113
920	2
921	131
922	62
923	648
924	358
925	476
926	366
927	687
928	385
929	499
930	2
931	910
932	91
933	570
934	627
935	99
936	620
937	0
938	643
939	239
940	525
941	2
942	856
943	284
944	0
945	2
946	875
947	480
948	474
949	193
950	0
951	15
952	5
953	134
954	0
955	90
956	311
957	54
958	117
959	340
960	190
961	20
962	75
963	351
964	54
965	878
966	466
967	0
968	188
969	7
970	173
971	81
972	921
973	32
974	244
975	842
976	450
977	610
978	21
979	2
980	285
981	96
982	349
983	486
984	0
985	88
986	61
987	0
988	360
989	754
990	463
991	838
992	573
993	634
994	706
995	54
996	580
997	258
998	487
999	252
1000	230
1001	11
1002	32
1003	667
1004	313
1005	376
1006	354
1007	725
1008	50
1009	3
1010	410
1011	341
1012	0
1013	39
1014	35
1015	1
1016	13
1017	613
1018	844
1019	818
1020	558
1021	37
1022	21
1023	30
1024	84
1025	644
1026	634
1027	25
1028	47
1029	731
1030	482
1031	516
1032	212
1033	4
1034	292
1035	20
1036	24
1037	232
1038	150
1039	185
1040	39
1041	513
1042	272
1043	91
1044	85
1045	589
1046	5
1047	998
1048	180
1049	15
1050	1038
1051	723
1052	247
1053	407
1054	125
1055	52
1056	252
1057	0
1058	589
1059	141
1060	103
1061	456
1062	730
1063	0
1064	258
1065	266
1066	324
1067	283
1068	131
1069	214
1070	271
1071	677
1072	322
1073	542
1074	30
1075	1026
1076	1
1077	516
1078	5
1079	649
1080	0
1081	542
1082	572
1083	123
1084	32
1085	728
1086	103
1087	910
1088	68
1089	1070
1090	347
1091	40
1092	5
1093	1014
1094	243
1095	1
1096	5
1097	50
1098	0
1099	205
1100	0
1101	965
1102	32
1103	440
1104	966
1105	935
1106	228
1107	50
1108	1014
1109	66
1110	236
1111	283
1112	525
1113	285
1114	15
1115	0
1116	542
1117	333
1118	641
1119	244
1120	608
1121	426
1122	13
1123	525
1124	343
1125	15
1126	742
1127	173
1128	1038
1129	2
1130	219
1131	6
1132	20
1133	360
1134	416
1135	24
1136	0
1137	286
1138	125
1139	643
1140	151
1141	488
1142	1
1143	910
1144	2
1145	605
1146	21
1147	0
1148	167
1149	458
1150	968
1151	691
1152	315
1153	140
1154	903
1155	120
1156	285
1157	16
1158	545
1159	41
1160	540
1161	413
1162	53
1163	286
1164	100
1165	828
1166	32
1167	41
1168	16
1169	278
1170	1
1171	41
1172	699
1173	302
1174	141
1175	20
1176	993
1177	731
1178	0
1179	0
1180	20
1181	124
1182	19
1183	510
1184	135
1185	144
1186	83
1187	0
1188	973
1189	125
1190	196
1191	540
1192	2
1193	19
1194	70
1195	691
1196	248
1197	0
1198	91
1199	966
1200	615
1201	283
1202	583
1203	0
1204	407
1205	609
1206	701
1207	0
1208	41
1209	238
1210	29
1211	152
1212	21
1213	150
1214	1048
1215	731
1216	1154
1217	796
1218	966
1219	20
1220	32
1221	466
1222	0
1223	209
1224	312
1225	337
1226	243
1227	352
1228	13
1229	343
1230	340
1231	120
1232	124
1233	1086
1234	73
1235	6
1236	2
1237	474
1238	360
1239	1038
1240	1186
1241	1004
1242	4
1243	573
1244	40
1245	322
1246	691
1247	423
1248	82
1249	252
1250	76
1251	50
1252	649
1253	631
1254	893
1255	543
1256	570
1257	348
1258	1228
1259	89
1260	40
1261	650
1262	1
1263	57
1264	896
1265	471
1266	843
1267	552
1268	546
1269	1172
1270	99
1271	122
1272	269
1273	305
1274	412
1275	857
1276	341
1277	427
1278	35
1279	749
1280	172
1281	53
1282	59
1283	244
1284	409
1285	719
1286	312
1287	62
1288	212
1289	585
1290	0
1291	130
1292	2
1293	1176
1294	109
1295	1084
1296	349
1297	339
1298	488
1299	605
1300	650
1301	2
1302	13
1303	699
1304	159
1305	1119
1306	269
1307	537
1308	54
1309	471
1310	877
1311	569
1312	323
1313	39
1314	286
1315	0
1316	172
1317	750
1318	2
1319	672
1320	37
1321	471
1322	172
1323	422
1324	228
1325	1
1326	58
1327	22
1328	352
1329	0
1330	507
1331	1176
1332	1213
1333	225
1334	376
1335	258
1336	0
1337	15
1338	263
1339	1240
1340	21
1341	5
1342	875
1343	1243
1344	508
1345	762
1346	252
1347	345
1348	277
1349	78
1350	267
1351	5
1352	1067
1353	937
1354	13
1355	171
1356	429
1357	108
1358	555
1359	291
1360	1264
1361	239
1362	206
1363	130
1364	1230
1365	412
1366	349
1367	167
1368	813
1369	498
1370	367
1371	104
1372	49
1373	1353
1374	0
1375	534
1376	120
1377	620
1378	1113
1379	232
1380	504
1381	743
1382	305
1383	73
1384	738
1385	150
1386	719
1387	204
1388	519
1389	1348
1390	719
1391	88
1392	7
1393	59
1394	59
1395	434
1396	691
1397	643
1398	487
1399	303
1400	0
1401	1144
1402	1051
1403	41
1404	815
1405	363
1406	570
1407	1039
1408	95
1409	159
1410	534
1411	847
1412	190
1413	1153
1414	196
1415	412
1416	357
1417	41
1418	16
1419	593
1420	1189
1421	1365
1422	675
1423	292
1424	895
1425	196
1426	968
1427	471
1428	821
1429	59
1430	2
1431	172
1432	1176
1433	222
1434	227
1435	779
1436	796
1437	32
1438	57
1439	1336
1440	1152
1441	25
1442	634
1443	991
1444	970
1445	536
1446	269
1447	7
1448	436
1449	62
1450	489
1451	232
1452	187
1453	295
1454	755
1455	375
1456	13
1457	1227
1458	667
1459	1395
1460	313
1461	494
1462	1422
1463	27
1464	50
1465	732
1466	944
1467	62
1468	32
1469	1050
1470	389
1471	1132
1472	73
1473	1177
1474	23
1475	886
1476	274
1477	399
1478	750
1479	41
1480	1471
1481	267
1482	9
1483	546
1484	32
1485	747
1486	428
1487	4
1488	212
1489	99
1490	7
1491	668
1492	286
1493	88
1494	1112
1495	1254
1496	76
1497	842
1498	1309
1499	694
1500	59
1501	7
1502	1
1503	37
1504	13
1505	687
1506	892
1507	372
1508	399
1509	0
1510	1195
1511	282
1512	244
1513	425
1514	1341
1515	1188
1516	315
1517	37
1518	653
1519	396
1520	2
1521	57
1522	15
1523	21
1524	1375
1525	224
1526	41
1527	1104
1528	1405
1529	41
1530	15
1531	1458
1532	283
1533	1186
1534	95
1535	58
1536	673
1537	754
1538	1136
1539	649
1540	1043
1541	1485
1542	691
1543	291
1544	196
1545	533
1546	358
1547	699
1548	107
1549	78
1550	1140
1551	765
1552	140
1553	851
1554	116
1555	122
1556	691
1557	16
1558	32
1559	141
1560	336
1561	130
1562	130
1563	1057
1564	17
1565	154
1566	60
1567	1173
1568	522
1569	1416
1570	494
1571	40
1572	239
1573	43
1574	687
1575	32
1576	16
1577	816
1578	232
1579	116
1580	540
1581	5
1582	573
1583	2
1584	416
1585	1202
1586	396
1587	1073
1588	0
1589	937
1590	221
1591	357
1592	173
1593	570
1594	503
1595	17
1596	109
1597	3
1598	266
1599	177
1600	684
1601	21
1602	13
1603	115
1604	834
1605	1343
1606	1060
1607	791
1608	3
1609	123
1610	721
1611	446
1612	744
1613	399
1614	932
1615	656
1616	1145
1617	210
1618	1347
1619	533
1620	620
1621	59
1622	775
1623	288
1624	13
1625	1006
1626	187
1627	1026
1628	890
1629	122
1630	712
1631	3
1632	1081
1633	87
1634	20
1635	291
1636	1551
1637	349
1638	40
1639	425
1640	1229
1641	16
1642	17
1643	339
1644	188
1645	1592
1646	166
1647	52
1648	619
1649	1029
1650	1454
1651	696
1652	1215
1653	396
1654	152
1655	366
1656	128
1657	1557
1658	58
1659	408
1660	842
1661	644
1662	184
1663	694
1664	1122
1665	323
1666	84
1667	525
1668	871
1669	2
1670	4
1671	570
1672	150
1673	91
1674	57
1675	54
1676	0
1677	255
1678	24
1679	99
1680	1038
1681	21
1682	230
1683	708
1684	199
1685	336
1686	29
1687	87
1688	137
1689	563
1690	269
1691	1620
1692	511
1693	175
1694	785
1695	690
1696	1
1697	790
1698	0
1699	944
1700	339
1701	247
1702	732
1703	1198
1704	736
1705	1590
1706	5
1707	73
1708	192
1709	1173
1710	255
1711	20
1712	689
1713	557
1714	1102
1715	130
1716	16
1717	859
1718	368
1719	135
1720	141
1721	266
1722	166
1723	13
1724	738
1725	423
1726	236
1727	421
1728	330
1729	378
1730	1022
1731	1675
1732	823
1733	685
1734	625
1735	3
1736	765
1737	1136
1738	252
1739	1282
1740	41
1741	309
1742	184
1743	0
1744	1658
1745	333
1746	1
1747	930
1748	244
1749	22
1750	0
1751	1277
1752	244
1753	84
1754	269
1755	192
1756	20
1757	6
1758	989
1759	1371
1760	113
1761	1743
1762	744
1763	49
1764	487
1765	99
1766	615
1767	1554
1768	1038
1769	4
1770	123
1771	164
1772	3
1773	701
1774	76
1775	0
1776	1177
1777	554
1778	20
1779	642
1780	0
1781	1502
1782	650
1783	723
1784	435
1785	1038
1786	150
1787	639
1788	364
1789	570
1790	1578
1791	93
1792	336
1793	721
1794	895
1795	1216
1796	1317
1797	1139
1798	1
1799	86
1800	1399
1801	598
1802	10
1803	1453
1804	24
1805	173
1806	386
1807	88
1808	1790
1809	719
1810	48
1811	126
1812	359
1813	230
1814	323
1815	81
1816	708
1817	258
1818	9
1819	1477
1820	421
1821	683
1822	1136
1823	357
1824	73
1825	938
1826	0
1827	41
1828	1128
1829	5
1830	329
1831	349
1832	456
1833	1119
1834	1196
1835	1355
1836	1585
1837	88
1838	347
1839	1423
1840	66
1841	358
1842	1388
1843	291
1844	215
1845	1239
1846	13
1847	1697
1848	3
1849	702
1850	124
1851	0
1852	1414
1853	615
1854	175
1855	1723
1856	199
1857	753
1858	219
1859	722
1860	1314
1861	1754
1862	413
1863	142
1864	556
1865	57
1866	87
1867	88
1868	285
1869	652
1870	831
1871	1075
1872	1763
1873	1516
1874	211
1875	295
1876	585
1877	130
1878	0
1879	1663
1880	230
1881	474
1882	474
1883	282
1884	0
1885	1684
1886	650
1887	177
1888	1195
1889	3
1890	3
1891	343
1892	43
1893	728
1894	1478
1895	1157
1896	2
1897	103
1898	1115
1899	1278
1900	1034
1901	1873
1902	1207
1903	540
1904	1824
1905	284
1906	182
1907	129
1908	302
1909	1517
1910	1133
1911	706
1912	308
1913	1771
1914	526
1915	802
1916	282
1917	0
1918	53
1919	404
1920	998
1921	90
1922	16
1923	426
1924	285
1925	196
1926	65
1927	1773
1928	91
1929	530
1930	1663
1931	590
1932	1045
1933	236
1934	625
1935	83
1936	0
1937	58
1938	123
1939	131
1940	152
1941	618
1942	769
1943	1182
1944	840
1945	744
1946	1876
1947	1407
1948	20
1949	427
1950	731
1951	466
1952	1380
1953	1274
1954	1903
1955	867
1956	619
1957	1096
1958	4
1959	358
1960	1537
1961	285
1962	1760
1963	874
1964	1070
1965	20
1966	1811
1967	1223
1968	73
1969	241
1970	689
1971	653
1972	1008
1973	1808
1974	5
1975	0
1976	1384
1977	340
1978	0
1979	1642
1980	0
1981	7
1982	1432
1983	1871
1984	643
1985	1537
1986	20
1987	334
1988	1530
1989	172
1990	485
1991	807
1992	1133
1993	54
1994	372
1995	1304
1996	20
1997	62
1998	271
1999	904
2000	2
2001	21
2002	1409
2003	1341
2004	1258
2005	712
2006	266
2007	182
2008	20
2009	672
2010	561
2011	884
2012	1365
2013	1785
2014	866
2015	54
2016	374
2017	1243
2018	1114
2019	13
2020	986
2021	734
2022	0
2023	1621
2024	164
2025	374
2026	15
2027	1716
2028	660
2029	1002
2030	351
2031	247
2032	233
2033	57
2034	70
2035	466
2036	921
2037	2
2038	16
2039	1222
2040	460
2041	230
2042	1215
2043	0
2044	1038
2045	1113
2046	0
2047	434
2048	50
2049	555
2050	65
2051	1404
2052	2
2053	452
2054	1341
2055	60
2056	30
2057	517
2058	1803
2059	59
2060	2021
2061	258
2062	16
2063	232
2064	1547
2065	62
2066	374
2067	1082
2068	983
2069	276
2070	24
2071	609
2072	389
2073	41
2074	519
2075	877
2076	796
2077	52
2078	177
2079	227
2080	803
2081	21
2082	309
2083	58
2084	476
2085	648
2086	2
2087	1122
2088	1871
2089	1785
2090	122
2091	228
2092	21
2093	32
2094	1165
2095	723
2096	0
2097	62
2098	1119
2099	488
2100	609
2101	289
2102	177
2103	1008
2104	616
2105	1563
2106	91
2107	456
2108	39
2109	1269
2110	37
2111	2080
2112	894
2113	1742
2114	2013
2115	20
2116	456
2117	471
2118	141
2119	1281
2120	239
2121	0
2122	798
2123	339
2124	1841
2125	43
2126	1574
2127	631
2128	1133
2129	1005
2130	853
2131	463
2132	0
2133	267
2134	1363
2135	903
2136	141
2137	88
2138	1661
2139	2107
2140	986
2141	1185
2142	313
2143	354
2144	150
2145	525
2146	641
2147	21
2148	973
2149	0
2150	1144
2151	168
2152	0
2153	1165
2154	1558
2155	1316
2156	58
2157	1770
2158	687
2159	1651
2160	83
2161	1882
2162	1337
2163	291
2164	2073
2165	99
2166	1520
2167	17
2168	130
2169	1467
2170	166
2171	53
2172	41
2173	1242
2174	798
2175	190
2176	5
2177	21
2178	1333
2179	878
2180	1927
2181	1300
2182	1473
2183	62
2184	333
2185	1365
2186	407
2187	83
2188	88
2189	511
2190	830
2191	713
2192	53
2193	585
2194	1363
2195	82
2196	17
2197	550
2198	41
2199	1193
2200	41
2201	107
2202	355
2203	1423
2204	1881
2205	530
2206	675
2207	1002
2208	363
2209	83
2210	1345
2211	1018
2212	572
2213	1415
2214	1236
2215	16
2216	1136
2217	241
2218	0
2219	1090
2220	29
2221	1770
2222	87
2223	1926
2224	711
2225	389
2226	73
2227	1946
2228	1
2229	890
2230	1955
2231	1612
2232	1910
2233	348
2234	2116
2235	58
2236	407
2237	816
2238	421
2239	2047
2240	1428
2241	32
2242	1874
2243	625
2244	723
2245	4
2246	336
2247	980
2248	10
2249	49
2250	719
2251	1381
2252	1126
2253	16
2254	313
2255	1349
2256	1836
2257	15
2258	330
2259	16
2260	2068
2261	53
2262	728
2263	649
2264	73
2265	1736
2266	210
2267	1163
2268	1322
2269	1170
2270	980
2271	302
2272	24
2273	1558
2274	699
2275	354
2276	2140
2277	102
2278	645
2279	1368
2280	1745
2281	240
2282	0
2283	971
2284	271
2285	1898
2286	1
2287	1263
2288	180
2289	1222
2290	247
2291	2209
2292	658
2293	328
2294	13
2295	1799
2296	6
2297	1468
2298	1090
2299	120
2300	243
2301	159
2302	24
2303	1851
2304	145
2305	721
2306	305
2307	836
2308	371
2309	1122
2310	3
2311	239
2312	807
2313	2043
2314	691
2315	0
2316	702
2317	1308
2318	2052
2319	274
2320	2
2321	1
2322	339
2323	0
2324	15
2325	1477
2326	191
2327	315
2328	1752
2329	0
2330	1718
2331	671
2332	450
2333	20
2334	921
2335	91
2336	10
2337	1523
2338	798
2339	3
2340	842
2341	488
2342	207
2343	76
2344	1570
2345	1145
2346	525
2347	20
2348	13
2349	145
2350	0
2351	4
2352	1395
2353	120
2354	6
2355	358
2356	1440
2357	635
2358	257
2359	1247
2360	517
2361	230
2362	19
2363	1606
2364	1013
2365	41
2366	196
2367	267
2368	114
2369	236
2370	1490
2371	315
2372	396
2373	17
2374	83
2375	5
2376	516
2377	1485
2378	1895
2379	4
2380	1773
2381	2262
2382	1381
2383	17
2384	1297
2385	83
2386	333
2387	1348
2388	1590
2389	505
2390	1762
2391	1844
2392	2
2393	1492
2394	166
2395	626
2396	23
2397	16
2398	330
2399	70
2400	1075
2401	57
2402	1243
2403	368
2404	0
2405	663
2406	430
2407	1208
2408	15
2409	570
2410	363
2411	2047
2412	16
2413	1345
2414	372
2415	73
2416	2295
2417	183
2418	59
2419	1541
2420	482
2421	487
2422	2174
2423	505
2424	1079
2425	13
2426	987
2427	215
2428	101
2429	3
2430	2360
2431	448
2432	2000
2433	1202
2434	1841
2435	333
2436	25
2437	2329
2438	133
2439	271
2440	552
2441	2
2442	20
2443	1449
2444	1415
2445	66
2446	2229
2447	1204
2448	2244
2449	1362
2450	873
2451	1821
2452	888
2453	522
2454	90
2455	62
2456	447
2457	7
2458	1831
2459	228
2460	29
2461	111
2462	2297
2463	1734
2464	1886
2465	5
2466	0
2467	1777
2468	1987
2469	399
2470	789
2471	0
2472	93
2473	2377
2474	987
2475	1236
2476	1356
2477	322
2478	21
2479	1353
2480	1507
2481	247
2482	1533
2483	209
2484	180
2485	2146
2486	130
2487	4
2488	667
2489	3
2490	196
2491	122
2492	527
2493	1042
2494	3
2495	704
2496	1294
2497	1681
2498	211
2499	828
2500	162
2501	2385
2502	2262
2503	70
2504	1581
2505	1348
2506	650
2507	1710
2508	2071
2509	355
2510	620
2511	544
2512	0
2513	1679
2514	229
2515	2066
2516	16
2517	195
2518	707
2519	75
2520	333
2521	313
2522	978
2523	2292
2524	99
2525	1263
2526	1599
2527	1065
2528	525
2529	269
2530	141
2531	487
2532	1414
2533	525
2534	275
2535	715
2536	408
2537	83
2538	1288
2539	1077
2540	952
2541	2286
2542	0
2543	309
2544	1095
2545	952
2546	573
2547	332
2548	373
2549	0
2550	357
2551	130
2552	246
2553	1247
2554	0
2555	1676
2556	120
2557	266
2558	1018
2559	1113
2560	1059
2561	305
2562	420
2563	2406
2564	126
2565	1189
2566	734
2567	1420
2568	1926
2569	15
2570	1095
2571	0
2572	98
2573	1073
2574	1464
2575	1942
2576	965
2577	1568
2578	197
2579	1176
2580	109
2581	330
2582	248
2583	2522
2584	340
2585	525
2586	236
2587	99
2588	0
2589	177
2590	31
2591	3
2592	17
2593	488
2594	300
2595	2205
2596	32
2597	164
2598	76
2599	1008
2600	394
2601	89
2602	2504
2603	1508
2604	4
2605	1657
2606	476
2607	1344
2608	43
2609	15
2610	266
2611	369
2612	284
2613	35
2614	1199
2615	1666
2616	85
2617	1673
2618	1315
2619	1415
2620	1612
2621	628
2622	544
2623	1880
2624	1899
2625	16
2626	457
2627	1172
2628	53
2629	1173
2630	1507
2631	579
2632	20
2633	1989
2634	1366
2635	2292
2636	2521
2637	247
2638	1989
2639	0
2640	1769
2641	412
2642	957
2643	2289
2644	446
2645	169
2646	39
2647	13
2648	15
2649	1688
2650	0
2651	1007
2652	1564
2653	1258
2654	0
2655	1277
2656	566
2657	1711
2658	232
2659	1297
2660	256
2661	1430
2662	940
2663	743
2664	1963
2665	212
2666	1104
2667	1188
2668	2530
2669	573
2670	32
2671	1785
2672	785
2673	744
2674	57
2675	853
2676	691
2677	21
2678	116
2679	1620
2680	109
2681	1042
2682	2283
2683	31
2684	789
2685	63
2686	681
2687	352
2688	456
2689	501
2690	597
2691	2621
2692	755
2693	1381
2694	980
2695	2262
2696	897
2697	50
2698	159
2699	1890
2700	628
2701	323
2702	1308
2703	1847
2704	2260
2705	1820
2706	260
2707	2373
2708	1497
2709	1297
2710	107
2711	1785
2712	2319
2713	32
2714	1322
2715	1448
2716	1478
2717	1327
2718	1923
2719	1412
2720	1405
2721	542
2722	197
2723	1981
2724	2526
2725	422
2726	651
2727	737
2728	2545
2729	1085
2730	319
2731	737
2732	1
2733	1082
2734	471
2735	256
2736	932
2737	2043
2738	1384
2739	116
2740	513
2741	684
2742	1694
2743	924
2744	1085
2745	54
2746	540
2747	1625
2748	1702
2749	2206
2750	0
2751	16
2752	52
2753	944
2754	570
2755	526
2756	480
2757	522
2758	620
2759	1094
2760	7
2761	2382
2762	1613
2763	2557
2764	1527
2765	20
2766	16
2767	1716
2768	203
2769	66
2770	243
2771	1474
2772	2300
2773	305
2774	2457
2775	3
2776	1228
2777	480
2778	0
2779	1204
2780	688
2781	980
2782	5
2783	2296
2784	0
2785	2
2786	738
2787	842
2788	57
2789	76
2790	1908
2791	23
2792	449
2793	7
2794	233
2795	2636
2796	803
2797	2375
2798	122
2799	360
2800	37
2801	719
2802	0
2803	719
2804	1802
2805	1420
2806	538
2807	413
2808	204
2809	310
2810	1871
2811	2145
2812	607
2813	1177
2814	109
2815	1843
2816	487
2817	23
2818	613
2819	1795
2820	41
2821	614
2822	785
2823	1739
2824	1467
2825	1079
2826	0
2827	592
2828	52
2829	785
2830	115
2831	204
2832	1009
2833	277
2834	1863
2835	769
2836	2
2837	4
2838	98
2839	713
2840	1902
2841	2
2842	857
2843	1697
2844	1722
2845	2654
2846	352
2847	2479
2848	708
2849	128
2850	366
2851	225
2852	2123
2853	35
2854	1927
2855	671
2856	2762
2857	57
2858	1660
2859	608
2860	769
2861	538
2862	308
2863	0
2864	522
2865	300
2866	291
2867	683
2868	39
2869	24
2870	2494
2871	1365
2872	2852
2873	3
2874	209
2875	2051
2876	259
2877	211
2878	665
2879	40
2880	874
2881	291
2882	0
2883	2
2884	1517
2885	210
2886	1240
2887	229
2888	1386
2889	1297
2890	435
2891	41
2892	5
2893	1799
2894	43
2895	1165
2896	1035
2897	505
2898	258
2899	376
2900	453
2901	24
2902	2371
2903	2250
2904	216
2905	4
2906	15
2907	861
2908	125
2909	73
2910	684
2911	2485
2912	669
2913	1764
2914	2574
2915	507
2916	1268
2917	396
2918	928
2919	930
2920	1680
2921	3
2922	59
2923	1895
2924	589
2925	111
2926	1691
2927	13
2928	109
2929	2257
2930	759
2931	2749
2932	2549
2933	1005
2934	229
2935	2494
2936	192
2937	243
2938	651
2939	709
2940	66
2941	21
2942	262
2943	62
2944	223
2945	282
2946	4
2947	1861
2948	859
2949	548
2950	2759
2951	21
2952	15
2953	21
2954	1486
2955	170
2956	1172
2957	540
2958	2
2959	1077
2960	2743
2961	2118
2962	331
2963	21
2964	930
2965	1163
2966	376
2967	144
2968	263
2969	1021
2970	1684
2971	731
2972	910
2973	2450
2974	1302
2975	534
2976	324
2977	2819
2978	2415
2979	399
2980	2780
2981	1406
2982	16
2983	533
2984	2297
2985	1861
2986	363
2987	1358
2988	0
2989	2021
2990	2312
2991	533
2992	32
2993	172
2994	240
2995	1862
2996	1012
2997	87
2998	1341
2999	822
3000	1488
3001	2250
3002	130
3003	84
3004	1836
3005	1631
3006	1158
3007	2866
3008	1018
3009	1474
3010	1582
3011	572
3012	2534
3013	370
3014	24
3015	185
3016	1732
3017	991
3018	1927
3019	1168
3020	689
3021	360
3022	2147
3023	30
3024	1069
3025	802
3026	1050
3027	27
3028	1919
3029	11
3030	0
3031	1018
3032	1928
3033	32
3034	41
3035	1024
3036	751
3037	130
3038	1395
3039	1388
3040	566
3041	159
3042	1333
3043	1897
3044	2439
3045	0
3046	631
3047	650
3048	1322
3049	2962
3050	2090
3051	1018
3052	371
3053	2168
3054	2549
3055	1399
3056	1244
3057	1702
3058	702
3059	2000
3060	1688
3061	3051
3062	331
3063	2110
3064	1544
3065	1317
3066	125
3067	15
3068	24
3069	229
3070	35
3071	1736
3072	376
3073	2
3074	129
3075	39
3076	2206
3077	41
3078	0
3079	589
3080	21
3081	258
3082	2816
3083	1111
3084	642
3085	1001
3086	1659
3087	2699
3088	2297
3089	149
3090	3000
3091	2906
3092	87
3093	621
3094	1027
3095	813
3096	2507
3097	192
3098	322
3099	278
3100	73
3101	2279
3102	1065
3103	5
3104	2760
3105	2597
3106	1981
3107	76
3108	32
3109	13
3110	2118
3111	326
3112	2090
3113	31
3114	880
3115	1133
3116	20
3117	233
3118	902
3119	417
3120	589
3121	1761
3122	3
3123	3
3124	2008
3125	100
3126	738
3127	0
3128	530
3129	544
3130	41
3131	16
3132	1564
3133	2253
3134	602
3135	1677
3136	2193
3137	1782
3138	3130
3139	424
3140	2819
3141	31
3142	83
3143	3120
3144	1920
3145	900
3146	1988
3147	2872
3148	1752
3149	1182
3150	896
3151	938
3152	650
3153	2534
3154	2161
3155	682
3156	209
3157	1222
3158	1085
3159	446
3160	2757
3161	2353
3162	76
3163	221
3164	2046
3165	790
3166	3079
3167	1077
3168	575
3169	380
3170	43
3171	25
3172	60
3173	49
3174	2410
3175	398
3176	443
3177	15
3178	2
3179	1989
3180	1
3181	425
3182	691
3183	114
3184	435
3185	13
3186	1822
3187	2182
3188	103
3189	2
3190	1449
3191	1159
3192	2168
3193	1760
3194	725
3195	892
3196	87
3197	691
3198	2216
3199	41
3200	119
3201	2756
3202	602
3203	2000
3204	456
3205	99
3206	2250
3207	1142
3208	101
3209	1393
3210	286
3211	3003
3212	1397
3213	3078
3214	72
3215	222
3216	846
3217	1467
3218	1417
3219	2494
3220	386
3221	340
3222	0
3223	1217
3224	119
3225	29
3226	1043
3227	3002
3228	731
3229	1258
3230	2170
3231	2102
3232	87
3233	1176
3234	7
3235	1244
3236	2039
3237	540
3238	926
3239	2037
3240	14
3241	115
3242	502
3243	21
3244	1550
3245	1632
3246	399
3247	7
3248	1164
3249	2819
3250	469
3251	476
3252	32
3253	225
3254	2740
3255	785
3256	840
3257	2540
3258	2
3259	1405
3260	402
3261	474
3262	481
3263	23
3264	2051
3265	336
3266	1202
3267	762
3268	2006
3269	1319
3270	76
3271	17
3272	1
3273	0
3274	910
3275	2546
3276	193
3277	868
3278	3071
3279	2300
3280	1500
3281	61
3282	2655
3283	1185
3284	2178
3285	17
3286	332
3287	1239
3288	3167
3289	552
3290	289
3291	292
3292	0
3293	26
3294	78
3295	2578
3296	2110
3297	1684
3298	2161
3299	32
3300	703
3301	0
3302	2762
3303	137
3304	734
3305	1602
3306	2787
3307	3
3308	3079
3309	1302
3310	0
3311	2537
3312	21
3313	516
3314	2516
3315	1377
3316	991
3317	356
3318	1554
3319	17
3320	1993
3321	1446
3322	24
3323	99
3324	1327
3325	2971
3326	3147
3327	2444
3328	603
3329	1140
3330	2304
3331	899
3332	1300
3333	2351
3334	0
3335	1047
3336	0
3337	2918
3338	100
3339	1563
3340	13
3341	1909
3342	2127
3343	1
3344	233
3345	583
3346	1774
3347	39
3348	3119
3349	544
3350	1525
3351	0
3352	643
3353	3342
3354	222
3355	2946
3356	33
3357	3191
3358	869
3359	2375
3360	929
3361	15
3362	1490
3363	3211
3364	1067
3365	3326
3366	1352
3367	1745
3368	2353
3369	120
3370	2555
3371	2865
3372	91
3373	1934
3374	627
3375	390
3376	750
3377	425
3378	1489
3379	957
3380	3148
3381	1120
3382	2991
3383	1407
3384	24
3385	2921
3386	1096
3387	2182
3388	1613
3389	966
3390	16
3391	1227
3392	418
3393	749
3394	341
3395	1136
3396	15
3397	1689
3398	726
3399	3151
3400	1099
3401	358
3402	2
3403	1684
3404	3
3405	3290
3406	407
3407	427
3408	258
3409	2287
3410	12
3411	291
3412	2643
3413	2343
3414	20
3415	3089
3416	1734
3417	2354
3418	0
3419	200
3420	416
3421	1247
3422	1596
3423	750
3424	1069
3425	1399
3426	1011
3427	103
3428	573
3429	20
3430	104
3431	399
3432	529
3433	691
3434	2219
3435	2141
3436	3336
3437	3078
3438	1317
3439	2928
3440	2132
3441	729
3442	0
3443	2260
3444	474
3445	2547
3446	910
3447	190
3448	1605
3449	1275
3450	1680
3451	1744
3452	32
3453	2666
3454	1711
3455	2047
3456	1176
3457	666
3458	3440
3459	256
3460	2786
3461	2328
3462	20
3463	505
3464	20
3465	2
3466	2431
3467	965
3468	2047
3469	545
3470	562
3471	1140
3472	694
3473	562
3474	921
3475	326
3476	698
3477	1210
3478	209
3479	1323
3480	283
3481	556
3482	2648
3483	895
3484	1630
3485	709
3486	555
3487	1026
3488	280
3489	2724
3490	485
3491	1653
3492	0
3493	402
3494	2549
3495	0
3496	2521
3497	0
3498	1168
3499	2622
3500	2852
3501	1014
3502	851
3503	2779
3504	2962
3505	75
3506	2444
3507	368
3508	2209
3509	183
3510	0
3511	1450
3512	1955
3513	103
3514	199
3515	1077
3516	19
3517	1371
3518	399
3519	1383
3520	2586
3521	13
3522	2306
3523	2229
3524	1830
3525	1910
3526	2961
3527	1105
3528	3357
3529	3138
3530	365
3531	1215
3532	170
3533	289
3534	1960
3535	24
3536	779
3537	2598
3538	285
3539	3426
3540	2327
3541	40
3542	57
3543	699
3544	285
3545	2810
3546	24
3547	1258
3548	2702
3549	1897
3550	2972
3551	2962
3552	83
3553	2177
3554	1632
3555	2612
3556	15
3557	1314
3558	3278
3559	669
3560	20
3561	41
3562	1690
3563	1681
3564	3425
3565	37
3566	2648
3567	107
3568	0
3569	87
3570	939
3571	2624
3572	281
3573	2607
3574	1893
3575	2
3576	575
3577	2503
3578	1113
3579	21
3580	446
3581	522
3582	3241
3583	340
3584	1450
3585	989
3586	29
3587	337
3588	1478
3589	131
3590	1600
3591	621
3592	1661
3593	0
3594	3118
3595	608
3596	2
3597	2454
3598	412
3599	5
3600	2110
3601	140
3602	3011
3603	1898
3604	1320
3605	2031
3606	68
3607	1021
3608	2939
3609	2891
3610	2574
3611	1592
3612	2824
3613	548
3614	2521
3615	16
3616	2528
3617	3344
3618	167
3619	324
3620	2904
3621	2773
3622	3523
3623	420
3624	2410
3625	573
3626	37
3627	2823
3628	861
3629	1674
3630	713
3631	516
3632	21
3633	2744
3634	247
3635	2920
3636	26
3637	933
3638	650
3639	323
3640	1386
3641	389
3642	1920
3643	2
3644	2535
3645	412
3646	3
3647	1169
3648	0
3649	0
3650	2245
3651	487
3652	23
3653	1243
3654	3003
3655	1897
3656	987
3657	323
3658	60
3659	52
3660	412
3661	429
3662	873
3663	106
3664	0
3665	1133
3666	566
3667	2313
3668	1800
3669	3214
3670	0
3671	1689
3672	2
3673	831
3674	0
3675	1233
3676	689
3677	493
3678	522
3679	2141
3680	1197
3681	989
3682	2301
3683	1046
3684	2932
3685	792
3686	3660
3687	2919
3688	2193
3689	20
3690	335
3691	1195
3692	1989
3693	125
3694	3003
3695	0
3696	652
3697	2584
3698	601
3699	3434
3700	2093
3701	134
3702	2553
3703	649
3704	3173
3705	3012
3706	1182
3707	1599
3708	50
3709	99
3710	3
3711	3659
3712	1691
3713	3364
3714	24
3715	644
3716	2533
3717	1176
3718	313
3719	3181
3720	266
3721	681
3722	2673
3723	373
3724	3659
3725	3345
3726	1786
3727	2190
3728	1368
3729	247
3730	3630
3731	131
3732	3003
3733	2699
3734	1
3735	196
3736	379
3737	866
3738	1185
3739	399
3740	70
3741	1045
3742	5
3743	1202
3744	3188
3745	2578
3746	336
3747	284
3748	725
3749	1586
3750	803
3751	1018
3752	435
3753	2961
3754	103
3755	177
3756	904
3757	21
3758	41
3759	2281
3760	31
3761	2632
3762	2258
3763	333
3764	555
3765	2177
3766	2990
3767	610
3768	568
3769	1455
3770	3016
3771	3462
3772	584
3773	2316
3774	1264
3775	99
3776	3082
3777	3674
3778	402
3779	1790
3780	130
3781	190
3782	2757
3783	230
3784	35
3785	291
3786	1068
3787	2226
3788	588
3789	449
3790	3356
3791	99
3792	514
3793	880
3794	430
3795	232
3796	3718
3797	167
3798	1474
3799	1843
3800	3188
3801	70
3802	487
3803	482
3804	1249
3805	2381
3806	3115
3807	32
3808	1421
3809	208
3810	52
3811	2380
3812	1113
3813	1142
3814	1014
3815	732
3816	1455
3817	1348
3818	24
3819	545
3820	0
3821	70
3822	2279
3823	850
3824	0
3825	106
3826	1782
3827	3382
3828	752
3829	25
3830	2375
3831	2889
3832	228
3833	368
3834	334
3835	15
3836	1107
3837	482
3838	639
3839	3759
3840	667
3841	1548
3842	41
3843	2985
3844	3764
3845	2866
3846	3505
3847	308
3848	93
3849	3640
3850	39
3851	659
3852	2671
3853	2291
3854	1927
3855	1469
3856	962
3857	1329
3858	502
3859	70
3860	842
3861	60
3862	2005
3863	10
3864	502
3865	2108
3866	2358
3867	87
3868	3354
3869	471
3870	269
3871	0
3872	0
3873	2297
3874	603
3875	116
3876	1164
3877	321
3878	53
3879	87
3880	2084
3881	3534
3882	2106
3883	1614
3884	2276
3885	0
3886	3078
3887	1678
3888	15
3889	1905
3890	343
3891	257
3892	2319
3893	2
3894	216
3895	2655
3896	1516
3897	130
3898	1045
3899	239
3900	247
3901	91
3902	0
3903	150
3904	1038
3905	910
3906	3372
3907	16
3908	533
3909	39
3910	310
3911	1227
3912	1474
3913	4
3914	124
3915	1377
3916	108
3917	103
3918	352
3919	1710
3920	614
3921	151
3922	2247
3923	2984
3924	212
3925	2752
3926	0
3927	199
3928	3096
3929	428
3930	49
3931	1192
3932	3153
3933	2231
3934	528
3935	2871
3936	3577
3937	372
3938	118
3939	1515
3940	49
3941	1971
3942	25
3943	525
3944	2608
3945	3054
3946	1654
3947	671
3948	650
3949	3448
3950	21
3951	2442
3952	2945
3953	2367
3954	3146
3955	120
3956	111
3957	2904
3958	1348
3959	1919
3960	4
3961	2336
3962	47
3963	798
3964	1553
3965	57
3966	21
3967	21
3968	1420
3969	3351
3970	1371
3971	34
3972	511
3973	1136
3974	65
3975	0
3976	412
3977	62
3978	120
3979	2951
3980	2245
3981	3165
3982	2541
3983	3616
3984	205
3985	2
3986	1176
3987	2521
3988	269
3989	6
3990	544
3991	2361
3992	435
3993	2735
3994	694
3995	3646
3996	2441
3997	738
3998	1593
3999	5
4000	3298
4001	2
4002	511
4003	3472
4004	502
4005	1578
4006	1412
4007	151
4008	399
4009	131
4010	819
4011	2904
4012	0
4013	3171
4014	1841
4015	2673
4016	953
4017	266
4018	137
4019	286
4020	589
4021	374
4022	1172
4023	1067
4024	145
4025	1996
4026	2701
4027	3412
4028	1658
4029	0
4030	3849
4031	140
4032	52
4033	1638
4034	1874
4035	47
4036	214
4037	30
4038	330
4039	2401
4040	2014
4041	1474
4042	424
4043	1345
4044	3016
4045	2
4046	2699
4047	2892
4048	931
4049	3
4050	1184
4051	2862
4052	4
4053	1054
4054	99
4055	3135
4056	1426
4057	1264
4058	508
4059	598
4060	3370
4061	1249
4062	775
4063	204
4064	1963
4065	39
4066	266
4067	2382
4068	1512
4069	3119
4070	2330
4071	1898
4072	1
4073	3523
4074	193
4075	511
4076	0
4077	850
4078	400
4079	2110
4080	3604
4081	3814
4082	3559
4083	23
4084	2695
4085	1853
4086	3462
4087	1085
4088	3884
4089	514
4090	357
4091	239
4092	3444
4093	1161
4094	738
4095	1700
4096	212
4097	3020
4098	466
4099	211
4100	3082
4101	1401
4102	2206
4103	1142
4104	3806
4105	2417
4106	101
4107	2118
4108	3488
4109	3973
4110	0
4111	1176
4112	3894
4113	2886
4114	0
4115	1467
4116	3522
4117	75
4118	541
4119	2742
4120	1993
4121	3861
4122	702
4123	15
4124	1599
4125	1261
4126	2218
4127	3754
4128	3073
4129	3073
4130	1
4131	1240
4132	2855
4133	1745
4134	1815
4135	3631
4136	41
4137	1489
4138	2296
4139	650
4140	2379
4141	0
4142	3954
4143	549
4144	3694
4145	1047
4146	173
4147	581
4148	3
4149	2851
4150	1242
4151	973
4152	2895
4153	402
4154	0
4155	572
4156	2401
4157	2
4158	1341
4159	3244
4160	925
4161	54
4162	3895
4163	1379
4164	0
4165	17
4166	1969
4167	2541
4168	1722
4169	430
4170	1099
4171	775
4172	2027
4173	285
4174	2124
4175	1464
4176	1807
4177	4
4178	474
4179	1841
4180	2351
4181	2043
4182	1122
4183	309
4184	975
4185	3287
4186	1640
4187	814
4188	2684
4189	17
4190	813
4191	83
4192	2
4193	2689
4194	937
4195	449
4196	3407
4197	765
4198	2067
4199	15
4200	3363
4201	3308
4202	2985
4203	1415
4204	1
4205	749
4206	37
4207	352
4208	2141
4209	1464
4210	2464
4211	58
4212	2206
4213	3448
4214	1982
4215	1486
4216	179
4217	533
4218	2509
4219	3535
4220	2496
4221	1341
4222	1651
4223	96
4224	425
4225	2365
4226	2180
4227	4103
4228	259
4229	3045
4230	2660
4231	1599
4232	3455
4233	358
4234	4169
4235	1856
4236	1963
4237	723
4238	1927
4239	2516
4240	4062
4241	516
4242	1157
4243	1576
4244	1754
4245	3748
4246	3552
4247	379
4248	3347
4249	21
4250	1469
4251	565
4252	3028
4253	1713
4254	2102
4255	1000
4256	513
4257	277
4258	434
4259	204
4260	1846
4261	1965
4262	1247
4263	78
4264	374
4265	7
4266	3025
4267	1160
4268	187
4269	531
4270	1177
4271	162
4272	1138
4273	542
4274	2424
4275	167
4276	3723
4277	212
4278	2070
4279	1934
4280	631
4281	149
4282	2692
4283	3166
4284	1168
4285	2127
4286	2262
4287	2926
4288	4014
4289	399
4290	759
4291	2789
4292	2177
4293	1713
4294	3320
4295	4100
4296	3734
4297	54
4298	232
4299	1777
4300	76
4301	2312
4302	3630
4303	2279
4304	3119
4305	545
4306	7
4307	0
4308	1515
4309	4169
4310	4
4311	1818
4312	702
4313	3097
4314	3352
4315	3261
4316	41
4317	1517
4318	1590
4319	0
4320	219
4321	627
4322	205
4323	594
4324	2
4325	3594
4326	73
4327	2301
4328	0
4329	1711
4330	1026
4331	566
4332	1548
4333	3320
4334	602
4335	2062
4336	0
4337	122
4338	1673
4339	2
4340	1393
4341	2654
4342	360
4343	2812
4344	3346
4345	4316
4346	73
4347	2427
4348	3727
4349	2673
4350	4207
4351	2799
4352	2
4353	2874
4354	2743
4355	3784
4356	1699
4357	35
4358	357
4359	105
4360	1212
4361	1189
4362	1434
4363	434
4364	3725
4365	2588
4366	3640
4367	837
4368	10
4369	109
4370	1995
4371	978
4372	14
4373	244
4374	517
4375	102
4376	1743
4377	3313
4378	170
4379	23
4380	2639
4381	829
4382	678
4383	29
4384	4
4385	610
4386	3934
4387	1085
4388	1677
4389	133
4390	21
4391	209
4392	1517
4393	4204
4394	14
4395	13
4396	1584
4397	1796
4398	611
4399	1761
4400	0
4401	1522
4402	708
4403	3336
4404	3836
4405	2588
4406	920
4407	815
4408	23
4409	3618
4410	1002
4411	513
4412	620
4413	2170
4414	21
4415	1122
4416	2258
4417	3675
4418	4329
4419	4076
4420	1
4421	3934
4422	2028
4423	1532
4424	1099
4425	1021
4426	2375
4427	1471
4428	1096
4429	3272
4430	1033
4431	804
4432	1256
4433	2301
4434	3118
4435	1233
4436	886
4437	21
4438	507
4439	316
4440	994
4441	148
4442	1612
4443	1188
4444	779
4445	21
4446	3176
4447	2497
4448	96
4449	0
4450	334
4451	4059
4452	803
4453	910
4454	443
4455	3071
4456	96
4457	474
4458	16
4459	152
4460	1177
4461	544
4462	88
4463	177
4464	2792
4465	2258
4466	24
4467	956
4468	651
4469	1843
4470	1542
4471	1467
4472	2121
4473	4252
4474	2810
4475	603
4476	3895
4477	1186
4478	6
4479	927
4480	1375
4481	29
4482	88
4483	2226
4484	1862
4485	2249
4486	4053
4487	2976
4488	1619
4489	1297
4490	3061
4491	749
4492	953
4493	2301
4494	838
4495	7
4496	34
4497	3571
4498	2597
4499	571
4500	768
4501	358
4502	2336
4503	41
4504	1773
4505	425
4506	4125
4507	54
4508	3563
4509	115
4510	631
4511	4101
4512	330
4513	2048
4514	3807
4515	421
4516	3231
4517	1728
4518	610
4519	1629
4520	15
4521	610
4522	2285
4523	4353
4524	613
4525	3029
4526	3744
4527	1301
4528	109
4529	796
4530	2490
4531	2298
4532	507
4533	2775
4534	209
4535	4
4536	3472
4537	1440
4538	2
4539	686
4540	22
4541	1856
4542	60
4543	393
4544	1568
4545	1265
4546	1290
4547	1577
4548	2136
4549	643
4550	2028
4551	26
4552	1218
4553	2078
4554	4420
4555	599
4556	738
4557	433
4558	485
4559	219
4560	2999
4561	102
4562	2672
4563	1196
4564	3926
4565	1154
4566	3337
4567	120
4568	437
4569	1487
4570	329
4571	371
4572	3754
4573	1880
4574	3120
4575	1861
4576	0
4577	21
4578	1461
4579	2110
4580	3704
4581	1008
4582	1326
4583	4483
4584	2948
4585	1
4586	768
4587	2955
4588	834
4589	1759
4590	933
4591	4459
4592	3977
4593	1072
4594	3271
4595	235
4596	1719
4597	802
4598	330
4599	0
4600	581
4601	2279
4602	716
4603	4402
4604	269
4605	125
4606	52
4607	3412
4608	3049
4609	3120
4610	125
4611	134
4612	1233
4613	2519
4614	790
4615	3594
4616	3322
4617	502
4618	192
4619	4289
4620	3201
4621	2419
4622	285
4623	749
4624	738
4625	2724
4626	2724
4627	196
4628	3541
4629	88
4630	2390
4631	2588
4632	3964
4633	1928
4634	80
4635	517
4636	289
4637	2
4638	785
4639	1710
4640	3150
4641	105
4642	4606
4643	171
4644	507
4645	103
4646	1903
4647	7
4648	795
4649	2
4650	171
4651	2199
4652	3750
4653	115
4654	1331
4655	1215
4656	1176
4657	145
4658	1258
4659	3913
4660	89
4661	363
4662	385
4663	110
4664	20
4665	1308
4666	259
4667	32
4668	2835
4669	228
4670	241
4671	1035
4672	2422
4673	351
4674	1274
4675	797
4676	1590
4677	49
4678	330
4679	3411
4680	426
4681	2839
4682	0
4683	2
4684	2787
4685	3
4686	1576
4687	4385
4688	3971
4689	1244
4690	3884
4691	4359
4692	0
4693	3770
4694	2540
4695	2316
4696	228
4697	2701
4698	2325
4699	2095
4700	3372
4701	713
4702	3646
4703	842
4704	241
4705	511
4706	2399
4707	2683
4708	4280
4709	233
4710	190
4711	3296
4712	503
4713	2961
4714	171
4715	52
4716	3660
4717	7
4718	3843
4719	836
4720	3247
4721	4196
4722	210
4723	3014
4724	2399
4725	402
4726	1907
4727	120
4728	1310
4729	2027
4730	0
4731	1989
4732	1461
4733	1038
4734	691
4735	2
4736	991
4737	2925
4738	32
4739	1734
4740	21
4741	0
4742	1599
4743	1849
4744	3261
4745	1590
4746	247
4747	1688
4748	209
4749	4356
4750	4563
4751	1215
4752	1018
4753	4103
4754	3879
4755	649
4756	20
4757	3646
4758	3212
4759	1586
4760	125
4761	3718
4762	439
4763	1197
4764	4553
4765	91
4766	1168
4767	21
4768	372
4769	172
4770	3571
4771	3742
4772	2164
4773	980
4774	73
4775	141
4776	3874
4777	2500
4778	2037
4779	2310
4780	16
4781	1096
4782	534
4783	109
4784	1249
4785	3722
4786	4552
4787	6
4788	228
4789	4341
4790	141
4791	796
4792	2712
4793	2578
4794	2146
4795	792
4796	2104
4797	3459
4798	3487
4799	2095
4800	1136
4801	280
4802	0
4803	4134
4804	4135
4805	2380
4806	103
4807	802
4808	2634
4809	2812
4810	969
4811	225
4812	614
4813	154
4814	1886
4815	450
4816	179
4817	7
4818	1426
4819	3327
4820	1666
4821	3372
4822	2
4823	124
4824	1377
4825	1447
4826	1935
4827	2006
4828	188
4829	146
4830	3930
4831	719
4832	3893
4833	4038
4834	1998
4835	113
4836	446
4837	2115
4838	4357
4839	2564
4840	1349
4841	3327
4842	2365
4843	1100
4844	109
4845	636
4846	4268
4847	1753
4848	866
4849	1653
4850	2822
4851	3124
4852	2021
4853	192
4854	1556
4855	1577
4856	2295
4857	3278
4858	1815
4859	2603
4860	4493
4861	3123
4862	7
4863	1487
4864	99
4865	292
4866	1111
4867	867
4868	761
4869	1607
4870	4741
4871	605
4872	1
4873	4427
4874	332
4875	137
4876	102
4877	0
4878	352
4879	2367
4880	32
4881	172
4882	1227
4883	2
4884	3578
4885	903
4886	1536
4887	1525
4888	0
4889	412
4890	1470
4891	889
4892	116
4893	1547
4894	1663
4895	3878
4896	4826
4897	694
4898	3829
4899	172
4900	3562
4901	758
4902	4616
4903	14
4904	376
4905	3963
4906	1597
4907	62
4908	124
4909	0
4910	252
4911	41
4912	1070
4913	3670
4914	1658
4915	2096
4916	3370
4917	20
4918	185
4919	426
4920	130
4921	4803
4922	3629
4923	691
4924	1
4925	99
4926	897
4927	1
4928	573
4929	3759
4930	3442
4931	54
4932	1240
4933	1182
4934	3145
4935	931
4936	4902
4937	62
4938	2044
4939	4929
4940	374
4941	2262
4942	2699
4943	2799
4944	354
4945	210
4946	2
4947	2919
4948	4873
4949	186
4950	6
4951	164
4952	668
4953	1986
4954	4463
4955	399
4956	685
4957	438
4958	416
4959	2449
4960	3462
4961	73
4962	39
4963	365
4964	73
4965	2639
4966	446
4967	2367
4968	21
4969	3346
4970	422
4971	626
4972	769
4973	3952
4974	2087
4975	1606
4976	1149
4977	1842
4978	3184
4979	1596
4980	402
4981	1800
4982	221
4983	775
4984	150
4985	70
4986	1641
4987	0
4988	4766
4989	2743
4990	1247
4991	1762
4992	3118
4993	205
4994	1
4995	1008
4996	648
4997	426
4998	3022
4999	1717