10000
0	1
0	2
1	2
3	0
4	0
5	0
6	0
7	1
8	0
9	0
10	0
11	0
12	4
13	2
14	0
15	4
16	0
17	4
18	1
19	5
20	4
21	12
22	11
23	12
24	4
25	4
26	2
27	12
28	6
29	3
30	5
31	0
32	1
33	12
34	0
35	6
36	1
37	0
38	5
39	20
40	29
41	4
42	4
43	34
44	2
45	21
46	4
47	9
48	32
49	0
50	11
51	1
52	2
53	12
54	34
55	0
56	0
57	15
58	50
59	5
60	52
61	29
62	0
63	26
64	32
65	51
66	52
67	32
68	4
69	60
70	32
71	1
72	0
73	8
74	32
75	4
76	26
77	67
78	6
79	2
80	4
81	14
82	1
83	1
84	40
85	1
86	12
87	47
88	55
89	0
90	56
91	43
92	4
93	26
94	39
95	4
96	45
97	4
98	52
99	11
100	8
101	83
102	91
103	8
104	37
105	48
106	0
107	10
108	4
109	32
110	4
111	52
112	52
113	27
114	64
115	67
116	78
117	68
118	68
119	93
120	0
121	27
122	0
123	116
124	3
125	44
126	98
127	86
128	0
129	4
130	78
131	40
132	23
133	73
134	63
135	8
136	77
137	12
138	4
139	4
140	6
141	94
142	90
143	99
144	41
145	5
146	26
147	43
148	4
149	0
150	81
151	0
152	104
153	133
154	72
155	68
156	0
157	50
158	12
159	4
160	66
161	73
162	37
163	26
164	128
165	5
166	43
167	135
168	132
169	102
170	14
171	94
172	51
173	145
174	113
175	148
176	3
177	1
178	26
179	6
180	26
181	100
182	56
183	55
184	37
185	56
186	77
187	0
188	30
189	12
190	134
191	1
192	76
193	26
194	122
195	2
196	174
197	40
198	44
199	183
200	153
201	190
202	40
203	30
204	2
205	11
206	124
207	37
208	181
209	50
210	128
211	0
212	43
213	179
214	205
215	105
216	0
217	148
218	105
219	77
220	5
221	1
222	205
223	174
224	50
225	43
226	41
227	94
228	0
229	137
230	32
231	32
232	6
233	70
234	190
235	12
236	66
237	133
238	26
239	0
240	24
241	9
242	161
243	6
244	148
245	52
246	37
247	10
248	112
249	1
250	62
251	24
252	6
253	133
254	47
255	1
256	156
257	4
258	40
259	12
260	174
261	133
262	112
263	111
264	1
265	32
266	81
267	2
268	4
269	15
270	77
271	3
272	21
273	150
274	0
275	27
276	0
277	6
278	0
279	16
280	12
281	90
282	43
283	0
284	12
285	62
286	145
287	45
288	209
289	0
290	278
291	98
292	0
293	237
294	175
295	108
296	4
297	41
298	178
299	11
300	1
301	0
302	4
303	200
304	6
305	12
306	183
307	150
308	35
309	2
310	0
311	183
312	256
313	66
314	66
315	6
316	133
317	211
318	0
319	78
320	177
321	31
322	73
323	128
324	56
325	0
326	164
327	25
328	12
329	272
330	183
331	223
332	133
333	171
334	273
335	2
336	160
337	173
338	6
339	310
340	66
341	31
342	226
343	103
344	305
345	109
346	0
347	204
348	183
349	205
350	205
351	26
352	1
353	0
354	23
355	1
356	320
357	133
358	25
359	278
360	93
361	1
362	52
363	23
364	60
365	130
366	76
367	268
368	14
369	54
370	4
371	0
372	66
373	1
374	343
375	11
376	325
377	4
378	261
379	15
380	275
381	32
382	47
383	51
384	233
385	284
386	82
387	42
388	0
389	201
390	5
391	133
392	4
393	32
394	23
395	205
396	12
397	12
398	1
399	51
400	368
401	5
402	343
403	171
404	52
405	0
406	10
407	219
408	6
409	276
410	0
411	40
412	27
413	52
414	9
415	5
416	133
417	0
418	6
419	66
420	324
421	94
422	104
423	1
424	134
425	55
426	78
427	0
428	72
429	324
430	32
431	81
432	325
433	0
434	12
435	50
436	3
437	364
438	102
439	200
440	200
441	174
442	74
443	98
444	97
445	78
446	207
447	72
448	325
449	52
450	0
451	52
452	4
453	10
454	9
455	32
456	9
457	175
458	50
459	410
460	3
461	41
462	350
463	230
464	11
465	154
466	212
467	40
468	3
469	32
470	6
471	164
472	0
473	44
474	84
475	4
476	205
477	45
478	66
479	230
480	81
481	2
482	123
483	45
484	401
485	62
486	342
487	6
488	323
489	191
490	27
491	78
492	129
493	469
494	109
495	0
496	362
497	50
498	241
499	451
500	396
501	421
502	463
503	12
504	52
505	2
506	186
507	187
508	43
509	67
510	139
511	385
512	0
513	56
514	327
515	10
516	373
517	410
518	43
519	157
520	0
521	114
522	32
523	430
524	278
525	122
526	423
527	267
528	265
529	273
530	442
531	295
532	4
533	12
534	272
535	464
536	230
537	3
538	51
539	86
540	0
541	263
542	217
543	43
544	4
545	179
546	130
547	440
548	32
549	78
550	1
551	6
552	370
553	4
554	286
555	326
556	41
557	301
558	73
559	24
560	145
561	436
562	6
563	49
564	131
565	249
566	55
567	12
568	469
569	52
570	12
571	4
572	400
573	366
574	148
575	40
576	78
577	0
578	564
579	43
580	0
581	207
582	309
583	424
584	268
585	356
586	14
587	148
588	36
589	41
590	55
591	2
592	179
593	62
594	62
595	134
596	43
597	211
598	27
599	235
600	248
601	0
602	581
603	5
604	478
605	51
606	373
607	451
608	66
609	32
610	3
611	0
612	73
613	463
614	448
615	253
616	177
617	497
618	2
619	599
620	16
621	12
622	261
623	605
624	8
625	50
626	196
627	261
628	114
629	174
630	373
631	308
632	35
633	51
634	66
635	148
636	421
637	134
638	366
639	90
640	62
641	246
642	91
643	57
644	52
645	0
646	122
647	0
648	615
649	0
650	2
651	436
652	343
653	447
654	60
655	12
656	4
657	248
658	636
659	254
660	247
661	148
662	165
663	0
664	379
665	107
666	52
667	32
668	30
669	12
670	580
671	186
672	32
673	7
674	53
675	474
676	140
677	225
678	544
679	343
680	97
681	361
682	597
683	572
684	647
685	533
686	141
687	174
688	0
689	268
690	56
691	171
692	338
693	325
694	464
695	471
696	188
697	562
698	158
699	48
700	356
701	124
702	149
703	60
704	153
705	168
706	156
707	4
708	52
709	325
710	567
711	466
712	152
713	133
714	23
715	51
716	31
717	29
718	320
719	645
720	114
721	27
722	205
723	32
724	618
725	507
726	320
727	268
728	150
729	248
730	78
731	572
732	32
733	2
734	6
735	4
736	0
737	12
738	62
739	552
740	607
741	93
742	320
743	66
744	391
745	52
746	161
747	394
748	0
749	52
750	205
751	668
752	434
753	34
754	40
755	179
756	626
757	153
758	121
759	82
760	151
761	461
762	0
763	12
764	27
765	2
766	60
767	607
768	301
769	27
770	237
771	62
772	95
773	29
774	100
775	587
776	31
777	356
778	32
779	47
780	579
781	43
782	0
783	354
784	0
785	2
786	179
787	0
788	462
789	288
790	441
791	113
792	451
793	2
794	431
795	780
796	680
797	37
798	239
799	674
800	74
801	205
802	5
803	381
804	105
805	624
806	253
807	359
808	615
809	775
810	65
811	1
812	424
813	81
814	0
815	436
816	41
817	181
818	68
819	197
820	55
821	114
822	4
823	205
824	50
825	1
826	664
827	788
828	421
829	774
830	345
831	35
832	9
833	412
834	241
835	280
836	531
837	133
838	280
839	429
840	690
841	66
842	326
843	4
844	721
845	52
846	687
847	4
848	40
849	364
850	237
851	379
852	148
853	18
854	662
855	176
856	53
857	387
858	731
859	0
860	380
861	105
862	40
863	172
864	460
865	509
866	7
867	40
868	293
869	747
870	0
871	445
872	439
873	40
874	133
875	845
876	2
877	44
878	212
879	78
880	325
881	93
882	73
883	382
884	385
885	759
886	146
887	173
888	66
889	128
890	223
891	513
892	808
893	12
894	98
895	306
896	250
897	43
898	488
899	636
900	147
901	445
902	26
903	886
904	0
905	301
906	55
907	576
908	44
909	37
910	734
911	128
912	400
913	572
914	4
915	54
916	21
917	492
918	105
919	766
920	759
921	563
922	7
923	325
924	90
925	640
926	668
927	4
928	77
929	420
930	8
931	32
932	731
933	460
934	42
935	548
936	43
937	605
938	421
939	32
940	731
941	656
942	320
943	261
944	32
945	792
946	680
947	238
948	48
949	286
950	43
951	205
952	26
953	285
954	509
955	32
956	681
957	48
958	9
959	121
960	205
961	171
962	922
963	867
964	522
965	376
966	261
967	5
968	26
969	40
970	104
971	466
972	0
973	123
974	772
975	268
976	4
977	692
978	967
979	788
980	50
981	444
982	133
983	897
984	94
985	974
986	424
987	441
988	143
989	66
990	76
991	26
992	32
993	518
994	436
995	184
996	6
997	772
998	0
999	157
1000	698
1001	667
1002	978
1003	9
1004	325
1005	972
1006	119
1007	162
1008	56
1009	67
1010	194
1011	323
1012	798
1013	0
1014	745
1015	6
1016	613
1017	186
1018	98
1019	813
1020	123
1021	4
1022	836
1023	95
1024	19
1025	1
1026	264
1027	102
1028	892
1029	957
1030	136
1031	1005
1032	3
1033	817
1034	436
1035	513
1036	505
1037	268
1038	177
1039	66
1040	613
1041	65
1042	457
1043	734
1044	12
1045	90
1046	5
1047	330
1048	4
1049	157
1050	629
1051	4
1052	7
1053	1022
1054	325
1055	972
1056	161
1057	1010
1058	752
1059	12
1060	288
1061	201
1062	991
1063	94
1064	774
1065	140
1066	1
1067	52
1068	775
1069	731
1070	897
1071	73
1072	41
1073	100
1074	62
1075	0
1076	885
1077	238
1078	247
1079	19
1080	698
1081	542
1082	248
1083	53
1084	483
1085	850
1086	282
1087	0
1088	492
1089	466
1090	467
1091	214
1092	98
1093	267
1094	434
1095	977
1096	615
1097	45
1098	385
1099	324
1100	81
1101	622
1102	541
1103	221
1104	1049
1105	499
1106	2
1107	928
1108	8
1109	400
1110	7
1111	283
1112	985
1113	900
1114	100
1115	876
1116	782
1117	248
1118	394
1119	93
1120	6
1121	5
1122	722
1123	73
1124	390
1125	808
1126	633
1127	1119
1128	2
1129	0
1130	734
1131	78
1132	4
1133	541
1134	777
1135	462
1136	0
1137	996
1138	169
1139	68
1140	84
1141	963
1142	267
1143	184
1144	727
1145	0
1146	65
1147	996
1148	640
1149	338
1150	128
1151	845
1152	356
1153	605
1154	616
1155	1049
1156	842
1157	201
1158	1116
1159	179
1160	997
1161	42
1162	156
1163	445
1164	5
1165	154
1166	9
1167	0
1168	1098
1169	629
1170	98
1171	772
1172	39
1173	157
1174	488
1175	150
1176	1
1177	330
1178	1052
1179	698
1180	408
1181	97
1182	325
1183	752
1184	583
1185	3
1186	507
1187	0
1188	27
1189	1174
1190	12
1191	892
1192	972
1193	32
1194	865
1195	147
1196	41
1197	84
1198	587
1199	879
1200	0
1201	68
1202	182
1203	975
1204	937
1205	624
1206	483
1207	0
1208	50
1209	35
1210	1013
1211	234
1212	10
1213	100
1214	734
1215	62
1216	8
1217	268
1218	346
1219	1188
1220	0
1221	1
1222	2
1223	104
1224	154
1225	325
1226	50
1227	290
1228	247
1229	205
1230	1146
1231	241
1232	1
1233	1163
1234	52
1235	236
1236	1142
1237	143
1238	122
1239	471
1240	898
1241	1156
1242	2
1243	270
1244	186
1245	488
1246	27
1247	133
1248	432
1249	343
1250	385
1251	824
1252	98
1253	107
1254	0
1255	32
1256	40
1257	121
1258	207
1259	26
1260	145
1261	556
1262	4
1263	1
1264	450
1265	186
1266	140
1267	436
1268	121
1269	1251
1270	93
1271	587
1272	14
1273	456
1274	1232
1275	601
1276	0
1277	548
1278	325
1279	282
1280	1133
1281	897
1282	44
1283	717
1284	202
1285	60
1286	358
1287	40
1288	1
1289	6
1290	1257
1291	205
1292	268
1293	4
1294	26
1295	1108
1296	348
1297	168
1298	1019
1299	133
1300	73
1301	216
1302	349
1303	253
1304	605
1305	1135
1306	346
1307	205
1308	1186
1309	122
1310	1292
1311	49
1312	624
1313	45
1314	283
1315	132
1316	518
1317	806
1318	4
1319	687
1320	288
1321	140
1322	168
1323	631
1324	969
1325	124
1326	45
1327	52
1328	366
1329	70
1330	1055
1331	204
1332	135
1333	43
1334	618
1335	799
1336	492
1337	813
1338	56
1339	446
1340	324
1341	168
1342	6
1343	575
1344	487
1345	946
1346	591
1347	1
1348	183
1349	548
1350	178
1351	897
1352	644
1353	730
1354	200
1355	73
1356	690
1357	68
1358	373
1359	535
1360	123
1361	416
1362	438
1363	267
1364	356
1365	555
1366	232
1367	901
1368	31
1369	43
1370	684
1371	1189
1372	418
1373	14
1374	680
1375	76
1376	799
1377	722
1378	32
1379	1173
1380	1307
1381	174
1382	41
1383	0
1384	32
1385	31
1386	251
1387	209
1388	1057
1389	171
1390	330
1391	129
1392	849
1393	1256
1394	174
1395	94
1396	1174
1397	1379
1398	42
1399	507
1400	0
1401	579
1402	425
1403	449
1404	0
1405	43
1406	66
1407	436
1408	16
1409	0
1410	558
1411	1033
1412	467
1413	978
1414	0
1415	1244
1416	8
1417	555
1418	103
1419	56
1420	127
1421	32
1422	655
1423	466
1424	1171
1425	201
1426	325
1427	52
1428	41
1429	525
1430	774
1431	817
1432	264
1433	2
1434	41
1435	0
1436	332
1437	293
1438	949
1439	620
1440	1102
1441	127
1442	499
1443	0
1444	97
1445	949
1446	568
1447	98
1448	139
1449	12
1450	261
1451	1377
1452	1273
1453	1155
1454	1433
1455	615
1456	664
1457	1043
1458	0
1459	4
1460	759
1461	63
1462	60
1463	357
1464	156
1465	32
1466	1191
1467	7
1468	152
1469	996
1470	0
1471	532
1472	915
1473	672
1474	1193
1475	12
1476	67
1477	230
1478	43
1479	35
1480	179
1481	946
1482	613
1483	525
1484	84
1485	208
1486	0
1487	34
1488	530
1489	40
1490	1131
1491	1
1492	667
1493	152
1494	507
1495	78
1496	266
1497	23
1498	1183
1499	423
1500	205
1501	97
1502	15
1503	326
1504	280
1505	28
1506	0
1507	709
1508	1235
1509	31
1510	698
1511	253
1512	58
1513	1119
1514	448
1515	40
1516	0
1517	820
1518	228
1519	135
1520	885
1521	518
1522	12
1523	105
1524	285
1525	962
1526	239
1527	12
1528	26
1529	90
1530	434
1531	897
1532	597
1533	1389
1534	40
1535	773
1536	225
1537	412
1538	627
1539	77
1540	5
1541	488
1542	254
1543	6
1544	501
1545	993
1546	1478
1547	249
1548	343
1549	5
1550	1156
1551	237
1552	284
1553	78
1554	473
1555	160
1556	1106
1557	1504
1558	1413
1559	0
1560	1419
1561	232
1562	1534
1563	133
1564	338
1565	1109
1566	913
1567	805
1568	776
1569	68
1570	249
1571	1284
1572	297
1573	139
1574	1117
1575	1046
1576	1463
1577	27
1578	407
1579	287
1580	615
1581	1401
1582	616
1583	513
1584	946
1585	306
1586	605
1587	1486
1588	339
1589	410
1590	1463
1591	25
1592	204
1593	93
1594	4
1595	758
1596	448
1597	179
1598	1479
1599	993
1600	1040
1601	4
1602	759
1603	1222
1604	43
1605	241
1606	1073
1607	1203
1608	492
1609	78
1610	1416
1611	717
1612	205
1613	343
1614	546
1615	183
1616	41
1617	928
1618	676
1619	470
1620	128
1621	12
1622	587
1623	464
1624	238
1625	1438
1626	615
1627	1119
1628	1471
1629	0
1630	654
1631	1183
1632	137
1633	44
1634	1120
1635	239
1636	572
1637	928
1638	730
1639	5
1640	11
1641	72
1642	616
1643	183
1644	366
1645	840
1646	121
1647	220
1648	674
1649	890
1650	1426
1651	3
1652	146
1653	975
1654	1506
1655	796
1656	226
1657	518
1658	94
1659	336
1660	1416
1661	1426
1662	1193
1663	832
1664	977
1665	0
1666	140
1667	1174
1668	1353
1669	121
1670	905
1671	0
1672	424
1673	373
1674	42
1675	1276
1676	3
1677	160
1678	1380
1679	619
1680	286
1681	1038
1682	381
1683	43
1684	1327
1685	1043
1686	5
1687	3
1688	481
1689	639
1690	1503
1691	76
1692	205
1693	171
1694	1030
1695	32
1696	40
1697	1473
1698	128
1699	67
1700	1537
1701	933
1702	97
1703	977
1704	1106
1705	1
1706	62
1707	1394
1708	461
1709	507
1710	43
1711	751
1712	808
1713	986
1714	513
1715	1313
1716	217
1717	26
1718	1381
1719	1294
1720	505
1721	12
1722	105
1723	0
1724	8
1725	861
1726	482
1727	447
1728	325
1729	494
1730	953
1731	1534
1732	398
1733	1435
1734	1594
1735	56
1736	1192
1737	271
1738	201
1739	2
1740	0
1741	1608
1742	1134
1743	27
1744	3
1745	467
1746	238
1747	27
1748	1633
1749	12
1750	639
1751	1376
1752	206
1753	78
1754	585
1755	1538
1756	32
1757	25
1758	261
1759	1548
1760	1171
1761	56
1762	311
1763	239
1764	1577
1765	135
1766	105
1767	122
1768	1103
1769	47
1770	200
1771	518
1772	1619
1773	1015
1774	1123
1775	1208
1776	817
1777	947
1778	33
1779	836
1780	1520
1781	1480
1782	77
1783	56
1784	325
1785	0
1786	1240
1787	810
1788	10
1789	7
1790	1132
1791	1593
1792	26
1793	751
1794	316
1795	230
1796	2
1797	278
1798	897
1799	456
1800	692
1801	824
1802	875
1803	1749
1804	23
1805	1437
1806	48
1807	651
1808	1535
1809	979
1810	1510
1811	1313
1812	1063
1813	1420
1814	4
1815	838
1816	0
1817	1548
1818	1277
1819	32
1820	5
1821	133
1822	320
1823	288
1824	862
1825	86
1826	1248
1827	248
1828	1552
1829	429
1830	867
1831	31
1832	499
1833	1574
1834	1687
1835	1774
1836	800
1837	32
1838	111
1839	774
1840	456
1841	156
1842	470
1843	464
1844	358
1845	78
1846	42
1847	0
1848	855
1849	464
1850	5
1851	1306
1852	40
1853	341
1854	647
1855	1749
1856	373
1857	316
1858	66
1859	327
1860	916
1861	463
1862	49
1863	6
1864	1146
1865	6
1866	1468
1867	845
1868	784
1869	697
1870	647
1871	933
1872	1696
1873	225
1874	525
1875	1590
1876	567
1877	207
1878	1541
1879	365
1880	513
1881	326
1882	330
1883	160
1884	316
1885	807
1886	507
1887	226
1888	1160
1889	1002
1890	32
1891	1036
1892	41
1893	476
1894	91
1895	161
1896	841
1897	695
1898	646
1899	612
1900	204
1901	933
1902	5
1903	0
1904	1846
1905	1666
1906	1725
1907	1478
1908	279
1909	1251
1910	23
1911	919
1912	731
1913	272
1914	1323
1915	897
1916	173
1917	1552
1918	1867
1919	845
1920	773
1921	32
1922	1119
1923	12
1924	73
1925	6
1926	11
1927	1207
1928	1719
1929	1870
1930	163
1931	439
1932	890
1933	859
1934	5
1935	0
1936	1365
1937	4
1938	4
1939	775
1940	33
1941	947
1942	1640
1943	1715
1944	133
1945	1310
1946	1075
1947	1680
1948	1163
1949	148
1950	1695
1951	842
1952	645
1953	1508
1954	696
1955	705
1956	4
1957	123
1958	1015
1959	263
1960	1867
1961	751
1962	154
1963	1664
1964	26
1965	121
1966	1208
1967	11
1968	0
1969	225
1970	467
1971	668
1972	270
1973	1761
1974	1539
1975	98
1976	310
1977	554
1978	105
1979	124
1980	70
1981	951
1982	164
1983	680
1984	1364
1985	380
1986	692
1987	171
1988	1678
1989	679
1990	236
1991	1299
1992	977
1993	1
1994	565
1995	730
1996	225
1997	1471
1998	1404
1999	1313
2000	73
2001	7
2002	896
2003	1
2004	441
2005	94
2006	526
2007	385
2008	739
2009	1342
2010	987
2011	631
2012	211
2013	74
2014	1596
2015	731
2016	764
2017	176
2018	169
2019	4
2020	325
2021	1757
2022	63
2023	123
2024	98
2025	98
2026	6
2027	122
2028	1180
2029	1537
2030	610
2031	342
2032	997
2033	811
2034	859
2035	129
2036	175
2037	211
2038	56
2039	1
2040	1488
2041	1038
2042	4
2043	6
2044	620
2045	66
2046	77
2047	1760
2048	32
2049	78
2050	287
2051	256
2052	1577
2053	0
2054	1853
2055	1804
2056	325
2057	1296
2058	1446
2059	1153
2060	205
2061	9
2062	1775
2063	84
2064	901
2065	1
2066	39
2067	1366
2068	456
2069	1263
2070	11
2071	1538
2072	2059
2073	739
2074	947
2075	41
2076	0
2077	12
2078	104
2079	62
2080	1789
2081	620
2082	1108
2083	0
2084	1137
2085	0
2086	564
2087	53
2088	230
2089	3
2090	1116
2091	765
2092	78
2093	2067
2094	1439
2095	43
2096	505
2097	1214
2098	98
2099	107
2100	12
2101	283
2102	332
2103	421
2104	288
2105	1174
2106	730
2107	26
2108	439
2109	492
2110	1273
2111	4
2112	967
2113	31
2114	1599
2115	0
2116	78
2117	123
2118	719
2119	48
2120	4
2121	1826
2122	557
2123	604
2124	649
2125	488
2126	268
2127	343
2128	1439
2129	843
2130	915
2131	424
2132	1776
2133	826
2134	953
2135	563
2136	1091
2137	220
2138	150
2139	1156
2140	802
2141	6
2142	1056
2143	2067
2144	847
2145	1150
2146	2038
2147	21
2148	45
2149	48
2150	200
2151	100
2152	1866
2153	616
2154	456
2155	237
2156	177
2157	1891
2158	664
2159	1848
2160	2033
2161	1929
2162	477
2163	469
2164	0
2165	373
2166	60
2167	1360
2168	0
2169	456
2170	525
2171	1461
2172	746
2173	687
2174	130
2175	261
2176	41
2177	1802
2178	774
2179	98
2180	2080
2181	587
2182	20
2183	1479
2184	1439
2185	1007
2186	631
2187	6
2188	1789
2189	320
2190	2097
2191	148
2192	114
2193	10
2194	626
2195	161
2196	76
2197	1435
2198	1647
2199	6
2200	1
2201	1492
2202	2167
2203	35
2204	12
2205	698
2206	37
2207	1987
2208	6
2209	55
2210	1503
2211	32
2212	325
2213	128
2214	972
2215	0
2216	0
2217	301
2218	31
2219	505
2220	977
2221	380
2222	1478
2223	108
2224	1485
2225	572
2226	1192
2227	615
2228	1521
2229	1552
2230	1153
2231	285
2232	6
2233	509
2234	93
2235	1593
2236	2176
2237	0
2238	1564
2239	94
2240	531
2241	52
2242	122
2243	2050
2244	814
2245	0
2246	1629
2247	1354
2248	483
2249	982
2250	158
2251	237
2252	1211
2253	1973
2254	1442
2255	50
2256	66
2257	56
2258	219
2259	5
2260	4
2261	640
2262	280
2263	365
2264	116
2265	451
2266	459
2267	565
2268	32
2269	0
2270	1022
2271	0
2272	43
2273	4
2274	698
2275	4
2276	1634
2277	775
2278	1070
2279	1327
2280	463
2281	186
2282	535
2283	734
2284	899
2285	179
2286	1240
2287	100
2288	1314
2289	121
2290	465
2291	1176
2292	78
2293	243
2294	1518
2295	27
2296	158
2297	335
2298	1535
2299	1530
2300	1299
2301	1273
2302	41
2303	1839
2304	693
2305	1022
2306	949
2307	1156
2308	817
2309	703
2310	731
2311	1012
2312	8
2313	0
2314	788
2315	26
2316	1004
2317	2307
2318	122
2319	37
2320	734
2321	1959
2322	1430
2323	613
2324	646
2325	278
2326	358
2327	1199
2328	2006
2329	9
2330	1804
2331	1019
2332	32
2333	1313
2334	1330
2335	2019
2336	1838
2337	1344
2338	1083
2339	1114
2340	2053
2341	122
2342	15
2343	201
2344	690
2345	0
2346	1229
2347	616
2348	1116
2349	1796
2350	48
2351	1518
2352	283
2353	488
2354	824
2355	396
2356	55
2357	288
2358	1272
2359	1323
2360	1527
2361	0
2362	2355
2363	492
2364	313
2365	1455
2366	468
2367	455
2368	196
2369	50
2370	0
2371	81
2372	403
2373	1088
2374	1215
2375	1976
2376	1368
2377	1789
2378	208
2379	0
2380	89
2381	994
2382	689
2383	6
2384	1309
2385	580
2386	467
2387	1487
2388	1380
2389	5
2390	168
2391	1398
2392	1361
2393	2
2394	291
2395	1337
2396	45
2397	507
2398	805
2399	240
2400	52
2401	40
2402	384
2403	734
2404	436
2405	924
2406	62
2407	16
2408	1765
2409	1097
2410	446
2411	76
2412	1179
2413	700
2414	183
2415	705
2416	455
2417	2293
2418	1126
2419	333
2420	1967
2421	1971
2422	97
2423	772
2424	753
2425	734
2426	84
2427	1412
2428	12
2429	1318
2430	56
2431	471
2432	417
2433	49
2434	507
2435	72
2436	586
2437	4
2438	11
2439	26
2440	78
2441	859
2442	158
2443	341
2444	1407
2445	1789
2446	625
2447	580
2448	42
2449	908
2450	706
2451	487
2452	453
2453	1967
2454	183
2455	1829
2456	4
2457	1860
2458	861
2459	509
2460	476
2461	774
2462	715
2463	2
2464	158
2465	325
2466	32
2467	0
2468	12
2469	1608
2470	1022
2471	85
2472	2433
2473	1134
2474	2193
2475	283
2476	1794
2477	419
2478	2011
2479	149
2480	34
2481	1719
2482	12
2483	361
2484	492
2485	1527
2486	956
2487	358
2488	1091
2489	4
2490	2296
2491	1251
2492	325
2493	1164
2494	1527
2495	1804
2496	905
2497	2101
2498	2168
2499	1967
2500	441
2501	45
2502	997
2503	205
2504	313
2505	449
2506	1186
2507	183
2508	385
2509	12
2510	1584
2511	27
2512	434
2513	1484
2514	751
2515	1556
2516	1491
2517	122
2518	12
2519	1316
2520	378
2521	683
2522	1296
2523	12
2524	12
2525	66
2526	542
2527	1779
2528	385
2529	780
2530	73
2531	949
2532	832
2533	619
2534	427
2535	1049
2536	250
2537	2176
2538	356
2539	1593
2540	1049
2541	1527
2542	343
2543	1919
2544	26
2545	27
2546	2201
2547	200
2548	1043
2549	1463
2550	1162
2551	253
2552	1622
2553	81
2554	817
2555	1616
2556	1841
2557	263
2558	32
2559	734
2560	432
2561	5
2562	2080
2563	82
2564	811
2565	2502
2566	0
2567	201
2568	2
2569	1012
2570	1853
2571	1560
2572	2127
2573	440
2574	1801
2575	40
2576	1
2577	158
2578	463
2579	133
2580	722
2581	164
2582	21
2583	2426
2584	1943
2585	1142
2586	429
2587	1579
2588	1666
2589	1379
2590	4
2591	1481
2592	2233
2593	1755
2594	672
2595	4
2596	436
2597	2586
2598	1809
2599	4
2600	1279
2601	93
2602	261
2603	1257
2604	1488
2605	2118
2606	1011
2607	2011
2608	174
2609	0
2610	0
2611	1967
2612	696
2613	2077
2614	183
2615	1842
2616	1278
2617	99
2618	1096
2619	212
2620	1570
2621	680
2622	32
2623	1523
2624	1901
2625	845
2626	839
2627	775
2628	67
2629	15
2630	76
2631	254
2632	14
2633	1716
2634	905
2635	2188
2636	1103
2637	2458
2638	1937
2639	29
2640	927
2641	601
2642	1187
2643	1399
2644	181
2645	1720
2646	7
2647	1423
2648	261
2649	1273
2650	129
2651	114
2652	26
2653	157
2654	2286
2655	241
2656	1636
2657	2481
2658	2090
2659	32
2660	1379
2661	1760
2662	225
2663	794
2664	2033
2665	703
2666	1171
2667	11
2668	82
2669	236
2670	1800
2671	501
2672	554
2673	1008
2674	436
2675	1719
2676	1413
2677	1120
2678	646
2679	493
2680	1007
2681	1455
2682	996
2683	982
2684	1633
2685	32
2686	104
2687	152
2688	2091
2689	55
2690	1438
2691	1644
2692	2
2693	45
2694	1577
2695	310
2696	679
2697	14
2698	1034
2699	506
2700	901
2701	121
2702	4
2703	51
2704	825
2705	184
2706	1457
2707	338
2708	614
2709	1
2710	766
2711	1072
2712	98
2713	980
2714	856
2715	393
2716	451
2717	427
2718	1678
2719	985
2720	12
2721	1186
2722	525
2723	80
2724	107
2725	955
2726	0
2727	2107
2728	12
2729	325
2730	460
2731	1238
2732	74
2733	1933
2734	1259
2735	1119
2736	572
2737	592
2738	2185
2739	343
2740	0
2741	325
2742	2041
2743	2192
2744	640
2745	283
2746	56
2747	2520
2748	44
2749	1191
2750	313
2751	345
2752	2497
2753	2276
2754	448
2755	1405
2756	2297
2757	2217
2758	721
2759	0
2760	2277
2761	335
2762	1530
2763	4
2764	469
2765	981
2766	78
2767	200
2768	1136
2769	452
2770	631
2771	26
2772	774
2773	186
2774	1294
2775	12
2776	78
2777	8
2778	316
2779	814
2780	200
2781	446
2782	1410
2783	379
2784	200
2785	167
2786	90
2787	693
2788	635
2789	26
2790	140
2791	368
2792	134
2793	56
2794	513
2795	1022
2796	38
2797	640
2798	709
2799	110
2800	39
2801	1849
2802	2054
2803	2639
2804	1485
2805	1487
2806	1336
2807	1008
2808	124
2809	980
2810	2298
2811	2268
2812	105
2813	96
2814	885
2815	205
2816	1420
2817	1090
2818	2473
2819	1177
2820	237
2821	627
2822	2157
2823	1163
2824	12
2825	2727
2826	876
2827	271
2828	33
2829	32
2830	0
2831	190
2832	525
2833	207
2834	2706
2835	2
2836	1379
2837	174
2838	1685
2839	565
2840	463
2841	957
2842	2040
2843	41
2844	152
2845	1775
2846	105
2847	960
2848	182
2849	73
2850	196
2851	1978
2852	1019
2853	13
2854	1385
2855	2337
2856	788
2857	268
2858	1486
2859	24
2860	124
2861	576
2862	2186
2863	865
2864	51
2865	1522
2866	995
2867	2628
2868	1492
2869	205
2870	2515
2871	40
2872	681
2873	1841
2874	128
2875	1878
2876	66
2877	55
2878	440
2879	2139
2880	32
2881	32
2882	1787
2883	0
2884	455
2885	26
2886	84
2887	4
2888	439
2889	510
2890	1846
2891	65
2892	1159
2893	0
2894	32
2895	313
2896	1690
2897	12
2898	827
2899	153
2900	796
2901	977
2902	598
2903	1771
2904	1984
2905	2483
2906	1519
2907	1198
2908	37
2909	103
2910	286
2911	146
2912	424
2913	1944
2914	525
2915	1491
2916	752
2917	2769
2918	181
2919	0
2920	1036
2921	30
2922	396
2923	555
2924	337
2925	2879
2926	2533
2927	1539
2928	4
2929	887
2930	749
2931	2302
2932	908
2933	1533
2934	41
2935	66
2936	1394
2937	47
2938	1004
2939	882
2940	4
2941	0
2942	2680
2943	696
2944	238
2945	1852
2946	52
2947	32
2948	974
2949	230
2950	152
2951	1036
2952	533
2953	580
2954	205
2955	267
2956	1912
2957	120
2958	2376
2959	266
2960	1360
2961	0
2962	1839
2963	2186
2964	1347
2965	2912
2966	52
2967	1040
2968	838
2969	317
2970	1813
2971	1845
2972	440
2973	342
2974	1268
2975	2374
2976	326
2977	1273
2978	631
2979	668
2980	640
2981	655
2982	4
2983	73
2984	421
2985	1116
2986	698
2987	2125
2988	451
2989	1682
2990	16
2991	1405
2992	1420
2993	4
2994	1165
2995	2299
2996	1136
2997	1098
2998	2305
2999	346
3000	37
3001	278
3002	93
3003	2355
3004	1574
3005	464
3006	320
3007	537
3008	1463
3009	1838
3010	822
3011	357
3012	32
3013	200
3014	0
3015	923
3016	90
3017	2194
3018	45
3019	50
3020	183
3021	1482
3022	3002
3023	2945
3024	2067
3025	2770
3026	381
3027	0
3028	1737
3029	2676
3030	78
3031	1343
3032	1541
3033	105
3034	2860
3035	1412
3036	1
3037	1
3038	620
3039	2940
3040	226
3041	2605
3042	572
3043	2866
3044	172
3045	689
3046	1871
3047	1159
3048	2113
3049	70
3050	2299
3051	434
3052	134
3053	387
3054	52
3055	2674
3056	94
3057	2001
3058	0
3059	1104
3060	150
3061	385
3062	253
3063	160
3064	2745
3065	1662
3066	12
3067	1149
3068	14
3069	2690
3070	2265
3071	451
3072	68
3073	290
3074	2233
3075	1
3076	23
3077	982
3078	2890
3079	876
3080	1183
3081	1103
3082	706
3083	2082
3084	52
3085	1503
3086	8
3087	77
3088	875
3089	247
3090	579
3091	1108
3092	32
3093	957
3094	140
3095	541
3096	576
3097	156
3098	1857
3099	509
3100	441
3101	2057
3102	345
3103	103
3104	2895
3105	1088
3106	10
3107	280
3108	2893
3109	261
3110	12
3111	1776
3112	436
3113	339
3114	918
3115	1152
3116	620
3117	1163
3118	11
3119	2384
3120	1226
3121	2385
3122	219
3123	93
3124	492
3125	1286
3126	233
3127	478
3128	1334
3129	2013
3130	877
3131	1774
3132	124
3133	1615
3134	850
3135	603
3136	927
3137	26
3138	4
3139	1858
3140	1277
3141	417
3142	1328
3143	2892
3144	145
3145	775
3146	1573
3147	959
3148	1040
3149	1451
3150	2286
3151	2610
3152	1008
3153	1685
3154	398
3155	32
3156	2319
3157	772
3158	2337
3159	98
3160	478
3161	1572
3162	1229
3163	193
3164	522
3165	73
3166	56
3167	376
3168	1034
3169	0
3170	205
3171	1525
3172	1441
3173	1850
3174	28
3175	6
3176	597
3177	32
3178	3067
3179	2300
3180	4
3181	788
3182	121
3183	385
3184	935
3185	11
3186	2860
3187	32
3188	1562
3189	1597
3190	133
3191	1971
3192	1643
3193	825
3194	1155
3195	0
3196	41
3197	154
3198	1155
3199	15
3200	430
3201	1290
3202	40
3203	152
3204	60
3205	1519
3206	1043
3207	1745
3208	1234
3209	1
3210	62
3211	2023
3212	1951
3213	1369
3214	492
3215	997
3216	237
3217	595
3218	2374
3219	1151
3220	8
3221	167
3222	1437
3223	461
3224	78
3225	1114
3226	2063
3227	2749
3228	394
3229	362
3230	32
3231	1187
3232	2565
3233	1195
3234	1301
3235	544
3236	15
3237	1347
3238	14
3239	237
3240	1152
3241	2255
3242	1004
3243	972
3244	2244
3245	0
3246	1862
3247	2122
3248	1680
3249	1043
3250	1693
3251	2371
3252	7
3253	66
3254	2333
3255	249
3256	2586
3257	2496
3258	34
3259	660
3260	1480
3261	1529
3262	2
3263	288
3264	25
3265	2595
3266	759
3267	589
3268	1030
3269	676
3270	1165
3271	1322
3272	1204
3273	3054
3274	27
3275	996
3276	0
3277	0
3278	1416
3279	1737
3280	1119
3281	26
3282	778
3283	3146
3284	100
3285	856
3286	278
3287	785
3288	1061
3289	705
3290	1319
3291	2
3292	1816
3293	31
3294	77
3295	32
3296	1849
3297	1193
3298	1460
3299	313
3300	365
3301	1
3302	572
3303	2076
3304	32
3305	339
3306	12
3307	3194
3308	1020
3309	3272
3310	43
3311	1466
3312	2789
3313	1523
3314	2695
3315	759
3316	186
3317	243
3318	1730
3319	1849
3320	396
3321	1477
3322	1
3323	2848
3324	1423
3325	882
3326	204
3327	2241
3328	421
3329	114
3330	246
3331	1410
3332	1126
3333	1528
3334	65
3335	2056
3336	1109
3337	42
3338	480
3339	870
3340	3112
3341	1345
3342	1681
3343	949
3344	1853
3345	1628
3346	951
3347	813
3348	6
3349	2209
3350	2136
3351	2602
3352	133
3353	128
3354	94
3355	5
3356	316
3357	446
3358	51
3359	56
3360	103
3361	400
3362	1985
3363	23
3364	440
3365	1183
3366	6
3367	3357
3368	1
3369	2456
3370	338
3371	2426
3372	523
3373	14
3374	981
3375	421
3376	1681
3377	1235
3378	2699
3379	146
3380	565
3381	1775
3382	2609
3383	94
3384	2308
3385	2137
3386	2752
3387	1066
3388	1795
3389	133
3390	3227
3391	44
3392	1238
3393	1036
3394	2753
3395	515
3396	364
3397	1471
3398	794
3399	39
3400	669
3401	552
3402	3393
3403	477
3404	1007
3405	2814
3406	2286
3407	1960
3408	1415
3409	3114
3410	1848
3411	1430
3412	90
3413	2087
3414	3353
3415	1535
3416	357
3417	2703
3418	1454
3419	2336
3420	576
3421	2647
3422	905
3423	1166
3424	1718
3425	2075
3426	3042
3427	241
3428	949
3429	976
3430	40
3431	2545
3432	14
3433	448
3434	200
3435	1353
3436	2379
3437	751
3438	751
3439	1163
3440	3162
3441	3113
3442	44
3443	2194
3444	1881
3445	604
3446	462
3447	114
3448	459
3449	1116
3450	1405
3451	3443
3452	2080
3453	464
3454	2879
3455	1
3456	4
3457	2350
3458	2577
3459	1463
3460	62
3461	640
3462	2996
3463	1862
3464	2498
3465	538
3466	237
3467	78
3468	32
3469	1264
3470	760
3471	398
3472	114
3473	3391
3474	734
3475	1278
3476	90
3477	1853
3478	170
3479	1
3480	774
3481	1019
3482	2867
3483	12
3484	1874
3485	133
3486	1671
3487	436
3488	187
3489	2452
3490	325
3491	826
3492	2333
3493	30
3494	667
3495	2660
3496	2
3497	908
3498	0
3499	3019
3500	133
3501	313
3502	326
3503	2884
3504	186
3505	2709
3506	2898
3507	565
3508	483
3509	567
3510	698
3511	1864
3512	580
3513	1915
3514	730
3515	2238
3516	1206
3517	133
3518	2455
3519	2302
3520	1518
3521	400
3522	1965
3523	1912
3524	1122
3525	62
3526	2001
3527	2940
3528	251
3529	41
3530	176
3531	2871
3532	278
3533	517
3534	580
3535	50
3536	11
3537	3054
3538	5
3539	0
3540	2940
3541	1506
3542	301
3543	697
3544	28
3545	978
3546	2125
3547	500
3548	1937
3549	2050
3550	183
3551	52
3552	1222
3553	751
3554	0
3555	3315
3556	421
3557	3364
3558	121
3559	1848
3560	90
3561	734
3562	12
3563	2194
3564	382
3565	373
3566	30
3567	215
3568	1575
3569	420
3570	1086
3571	0
3572	3263
3573	3038
3574	1288
3575	3540
3576	2372
3577	599
3578	2400
3579	2244
3580	3254
3581	2705
3582	3369
3583	3197
3584	95
3585	296
3586	0
3587	509
3588	3468
3589	432
3590	875
3591	268
3592	0
3593	335
3594	3157
3595	0
3596	1867
3597	722
3598	1102
3599	0
3600	2904
3601	81
3602	1632
3603	90
3604	2117
3605	681
3606	1664
3607	1764
3608	1322
3609	3104
3610	84
3611	2433
3612	1699
3613	683
3614	12
3615	32
3616	882
3617	1194
3618	2339
3619	2286
3620	2033
3621	1357
3622	3481
3623	2948
3624	579
3625	10
3626	1234
3627	421
3628	32
3629	2209
3630	1289
3631	1151
3632	150
3633	5
3634	916
3635	1292
3636	1360
3637	1566
3638	744
3639	53
3640	1332
3641	1419
3642	6
3643	987
3644	2942
3645	436
3646	3393
3647	2777
3648	12
3649	12
3650	23
3651	72
3652	0
3653	2056
3654	1320
3655	3644
3656	3497
3657	3218
3658	994
3659	68
3660	346
3661	2767
3662	1378
3663	1186
3664	2470
3665	190
3666	5
3667	94
3668	144
3669	2312
3670	11
3671	746
3672	998
3673	0
3674	1849
3675	48
3676	0
3677	3171
3678	4
3679	247
3680	1685
3681	7
3682	325
3683	2905
3684	1018
3685	2497
3686	3597
3687	0
3688	5
3689	3433
3690	3234
3691	1891
3692	3441
3693	1171
3694	0
3695	4
3696	2070
3697	70
3698	157
3699	2569
3700	645
3701	2017
3702	385
3703	1178
3704	1816
3705	338
3706	382
3707	705
3708	201
3709	2114
3710	3581
3711	0
3712	8
3713	9
3714	2125
3715	1151
3716	53
3717	203
3718	2149
3719	403
3720	2705
3721	3281
3722	378
3723	2297
3724	261
3725	580
3726	41
3727	876
3728	2844
3729	2485
3730	0
3731	84
3732	32
3733	3121
3734	1046
3735	161
3736	11
3737	288
3738	949
3739	897
3740	774
3741	27
3742	343
3743	3657
3744	66
3745	1299
3746	5
3747	2
3748	123
3749	721
3750	2668
3751	3634
3752	0
3753	1770
3754	2483
3755	2752
3756	412
3757	31
3758	513
3759	1715
3760	95
3761	781
3762	2599
3763	3382
3764	2750
3765	1357
3766	813
3767	2999
3768	1553
3769	41
3770	1332
3771	518
3772	1876
3773	488
3774	133
3775	2991
3776	68
3777	2550
3778	157
3779	9
3780	2186
3781	3691
3782	167
3783	2212
3784	260
3785	1072
3786	1618
3787	2698
3788	403
3789	109
3790	3019
3791	788
3792	27
3793	90
3794	4
3795	1899
3796	1537
3797	3219
3798	204
3799	66
3800	1687
3801	774
3802	1211
3803	157
3804	1075
3805	2595
3806	3263
3807	3708
3808	209
3809	1789
3810	2559
3811	247
3812	2580
3813	1023
3814	1034
3815	734
3816	2011
3817	3441
3818	12
3819	3595
3820	1106
3821	327
3822	922
3823	2879
3824	1165
3825	840
3826	56
3827	509
3828	1
3829	3424
3830	0
3831	1288
3832	982
3833	2296
3834	620
3835	734
3836	773
3837	2714
3838	268
3839	157
3840	121
3841	325
3842	2876
3843	203
3844	727
3845	541
3846	35
3847	646
3848	205
3849	3351
3850	996
3851	133
3852	1480
3853	2169
3854	2704
3855	3122
3856	889
3857	2706
3858	333
3859	1248
3860	3318
3861	1214
3862	680
3863	3171
3864	3796
3865	32
3866	56
3867	21
3868	2860
3869	773
3870	2236
3871	513
3872	2936
3873	14
3874	3650
3875	949
3876	317
3877	2812
3878	148
3879	2127
3880	3457
3881	0
3882	1
3883	82
3884	3258
3885	1146
3886	3789
3887	946
3888	2031
3889	640
3890	105
3891	1320
3892	91
3893	2337
3894	722
3895	14
3896	2483
3897	2224
3898	2577
3899	751
3900	336
3901	1254
3902	10
3903	10
3904	274
3905	3057
3906	27
3907	978
3908	35
3909	2073
3910	45
3911	1416
3912	179
3913	440
3914	408
3915	7
3916	12
3917	1617
3918	2374
3919	1531
3920	981
3921	1919
3922	4
3923	7
3924	205
3925	1758
3926	205
3927	3387
3928	568
3929	32
3930	564
3931	2093
3932	3321
3933	1868
3934	471
3935	2890
3936	3
3937	470
3938	2591
3939	633
3940	548
3941	335
3942	2958
3943	890
3944	1
3945	3144
3946	3489
3947	39
3948	2772
3949	291
3950	470
3951	467
3952	2577
3953	41
3954	1762
3955	32
3956	44
3957	2234
3958	0
3959	1983
3960	1527
3961	3023
3962	282
3963	3353
3964	317
3965	39
3966	2585
3967	778
3968	2167
3969	2321
3970	3476
3971	1251
3972	678
3973	4
3974	1419
3975	475
3976	526
3977	140
3978	2756
3979	651
3980	749
3981	672
3982	410
3983	4
3984	2017
3985	52
3986	1984
3987	2542
3988	15
3989	3937
3990	2065
3991	3122
3992	1086
3993	507
3994	3030
3995	4
3996	2212
3997	306
3998	3500
3999	261
4000	1155
4001	133
4002	2869
4003	3964
4004	972
4005	2635
4006	35
4007	3389
4008	1891
4009	68
4010	626
4011	0
4012	200
4013	451
4014	1019
4015	2545
4016	6
4017	2752
4018	497
4019	3269
4020	2344
4021	425
4022	4
4023	3622
4024	194
4025	2401
4026	1360
4027	1109
4028	50
4029	465
4030	41
4031	525
4032	256
4033	1410
4034	3611
4035	32
4036	525
4037	2895
4038	997
4039	2377
4040	130
4041	66
4042	2450
4043	3594
4044	3725
4045	84
4046	2324
4047	3084
4048	3
4049	3305
4050	456
4051	77
4052	958
4053	824
4054	2722
4055	2846
4056	2993
4057	272
4058	1883
4059	3141
4060	598
4061	555
4062	83
4063	373
4064	135
4065	15
4066	66
4067	2210
4068	1345
4069	2434
4070	3263
4071	421
4072	3453
4073	365
4074	949
4075	1876
4076	3082
4077	1174
4078	2198
4079	1552
4080	3343
4081	826
4082	1027
4083	1222
4084	379
4085	2011
4086	3323
4087	418
4088	3172
4089	739
4090	4064
4091	2575
4092	742
4093	447
4094	2338
4095	2489
4096	308
4097	456
4098	4037
4099	664
4100	657
4101	571
4102	264
4103	2855
4104	1416
4105	1697
4106	788
4107	2096
4108	102
4109	462
4110	133
4111	1878
4112	40
4113	140
4114	273
4115	132
4116	50
4117	2470
4118	178
4119	4
4120	356
4121	1871
4122	876
4123	2285
4124	2768
4125	3537
4126	73
4127	879
4128	2548
4129	39
4130	2376
4131	230
4132	12
4133	111
4134	525
4135	142
4136	3154
4137	481
4138	6
4139	731
4140	3052
4141	1142
4142	749
4143	773
4144	3874
4145	1108
4146	1991
4147	0
4148	3852
4149	0
4150	0
4151	2478
4152	1527
4153	345
4154	3341
4155	1808
4156	3314
4157	2286
4158	1391
4159	87
4160	2066
4161	211
4162	3219
4163	336
4164	7
4165	4045
4166	1801
4167	2427
4168	436
4169	3472
4170	14
4171	317
4172	2279
4173	114
4174	0
4175	4
4176	3551
4177	690
4178	2525
4179	2735
4180	1152
4181	98
4182	884
4183	539
4184	1369
4185	4079
4186	1594
4187	1416
4188	66
4189	890
4190	1250
4191	1208
4192	1575
4193	133
4194	2117
4195	1288
4196	1649
4197	14
4198	3741
4199	1537
4200	1013
4201	2002
4202	3284
4203	388
4204	680
4205	1561
4206	145
4207	2548
4208	186
4209	1824
4210	2168
4211	3408
4212	998
4213	150
4214	3281
4215	1313
4216	959
4217	1633
4218	14
4219	4
4220	256
4221	912
4222	885
4223	1687
4224	1991
4225	5
4226	1208
4227	2867
4228	2801
4229	972
4230	1
4231	1034
4232	3408
4233	3133
4234	26
4235	2497
4236	2577
4237	2813
4238	60
4239	2752
4240	0
4241	52
4242	2337
4243	148
4244	1192
4245	78
4246	3162
4247	3398
4248	3488
4249	2756
4250	436
4251	108
4252	2170
4253	52
4254	445
4255	2194
4256	476
4257	4132
4258	1419
4259	105
4260	200
4261	12
4262	2765
4263	16
4264	359
4265	4
4266	3979
4267	27
4268	233
4269	1891
4270	27
4271	136
4272	1163
4273	0
4274	3131
4275	1399
4276	3530
4277	2433
4278	2962
4279	15
4280	773
4281	2150
4282	3888
4283	53
4284	2833
4285	4254
4286	0
4287	1394
4288	3037
4289	283
4290	2717
4291	3516
4292	311
4293	3405
4294	8
4295	436
4296	3020
4297	1257
4298	1577
4299	1051
4300	444
4301	3457
4302	250
4303	2568
4304	2421
4305	246
4306	3301
4307	250
4308	1506
4309	2628
4310	2186
4311	687
4312	1632
4313	3440
4314	3041
4315	263
4316	3033
4317	1657
4318	730
4319	2350
4320	2453
4321	5
4322	420
4323	40
4324	3290
4325	3756
4326	1593
4327	148
4328	1019
4329	186
4330	1052
4331	3115
4332	275
4333	264
4334	620
4335	1286
4336	3082
4337	168
4338	78
4339	1518
4340	2952
4341	19
4342	1368
4343	1142
4344	555
4345	313
4346	2065
4347	1433
4348	572
4349	350
4350	2834
4351	0
4352	972
4353	725
4354	524
4355	6
4356	1351
4357	505
4358	98
4359	3595
4360	1063
4361	3355
4362	161
4363	3278
4364	32
4365	4129
4366	564
4367	2497
4368	1918
4369	2262
4370	90
4371	2401
4372	237
4373	1066
4374	3774
4375	31
4376	4207
4377	997
4378	2565
4379	572
4380	333
4381	4
4382	4
4383	2740
4384	90
4385	2244
4386	1055
4387	1846
4388	78
4389	1105
4390	3877
4391	2184
4392	931
4393	11
4394	109
4395	3649
4396	1254
4397	506
4398	1846
4399	31
4400	5
4401	983
4402	555
4403	324
4404	459
4405	1518
4406	3929
4407	1599
4408	751
4409	1030
4410	182
4411	3544
4412	1
4413	456
4414	4017
4415	3323
4416	52
4417	3472
4418	4
4419	4239
4420	466
4421	1477
4422	2966
4423	722
4424	2987
4425	2514
4426	45
4427	3013
4428	2228
4429	2895
4430	142
4431	2742
4432	147
4433	3305
4434	311
4435	255
4436	157
4437	19
4438	2662
4439	3536
4440	800
4441	471
4442	98
4443	328
4444	3963
4445	162
4446	3771
4447	2320
4448	3600
4449	330
4450	0
4451	1588
4452	1846
4453	150
4454	1672
4455	1768
4456	4313
4457	113
4458	2627
4459	3455
4460	3122
4461	2430
4462	264
4463	4325
4464	1183
4465	760
4466	217
4467	14
4468	949
4469	2557
4470	3379
4471	43
4472	759
4473	265
4474	3941
4475	174
4476	1343
4477	1022
4478	924
4479	418
4480	373
4481	0
4482	3546
4483	597
4484	2040
4485	1745
4486	0
4487	1012
4488	576
4489	3728
4490	3070
4491	3126
4492	3668
4493	32
4494	0
4495	3997
4496	3554
4497	4
4498	1633
4499	3955
4500	4462
4501	1984
4502	205
4503	4135
4504	2084
4505	3673
4506	807
4507	1734
4508	3925
4509	3964
4510	488
4511	376
4512	4236
4513	201
4514	156
4515	297
4516	1091
4517	424
4518	2989
4519	1497
4520	4059
4521	117
4522	325
4523	3981
4524	4217
4525	3071
4526	0
4527	429
4528	3037
4529	3432
4530	447
4531	1165
4532	35
4533	32
4534	1263
4535	3537
4536	1555
4537	1360
4538	2602
4539	4289
4540	755
4541	158
4542	27
4543	587
4544	2940
4545	4432
4546	3409
4547	1002
4548	2655
4549	1604
4550	816
4551	1128
4552	2468
4553	44
4554	598
4555	4308
4556	1275
4557	324
4558	1407
4559	2983
4560	3540
4561	1043
4562	744
4563	2887
4564	1282
4565	169
4566	2236
4567	456
4568	12
4569	32
4570	962
4571	492
4572	3192
4573	14
4574	346
4575	1709
4576	330
4577	3523
4578	726
4579	1159
4580	4476
4581	325
4582	3361
4583	4
4584	2867
4585	3524
4586	3039
4587	448
4588	1807
4589	518
4590	3561
4591	0
4592	1471
4593	93
4594	421
4595	2606
4596	1527
4597	171
4598	4530
4599	2286
4600	4303
4601	32
4602	418
4603	4
4604	721
4605	522
4606	84
4607	316
4608	1511
4609	421
4610	1835
4611	2595
4612	51
4613	549
4614	429
4615	4378
4616	0
4617	530
4618	3520
4619	134
4620	1360
4621	674
4622	256
4623	540
4624	1438
4625	76
4626	326
4627	3045
4628	432
4629	1059
4630	1398
4631	923
4632	73
4633	1123
4634	1018
4635	2245
4636	97
4637	4125
4638	214
4639	1858
4640	2739
4641	481
4642	150
4643	332
4644	1689
4645	12
4646	220
4647	3929
4648	2989
4649	317
4650	1839
4651	3719
4652	0
4653	3682
4654	181
4655	2193
4656	98
4657	125
4658	1973
4659	243
4660	60
4661	2023
4662	974
4663	991
4664	2855
4665	3234
4666	3683
4667	3029
4668	565
4669	122
4670	41
4671	2512
4672	1134
4673	32
4674	4200
4675	2342
4676	1967
4677	385
4678	6
4679	3923
4680	1186
4681	879
4682	31
4683	1696
4684	1980
4685	183
4686	3798
4687	407
4688	459
4689	0
4690	507
4691	152
4692	184
4693	2834
4694	3474
4695	1361
4696	62
4697	77
4698	1714
4699	3030
4700	922
4701	2432
4702	437
4703	1009
4704	1629
4705	325
4706	32
4707	615
4708	87
4709	2403
4710	3128
4711	356
4712	3535
4713	5
4714	3049
4715	1766
4716	524
4717	839
4718	525
4719	3882
4720	0
4721	3117
4722	1263
4723	974
4724	1631
4725	4426
4726	636
4727	3343
4728	1678
4729	4379
4730	1455
4731	34
4732	2489
4733	469
4734	4076
4735	133
4736	23
4737	1541
4738	0
4739	43
4740	133
4741	1383
4742	2927
4743	3721
4744	2849
4745	2896
4746	4352
4747	4087
4748	2616
4749	2469
4750	302
4751	2152
4752	1552
4753	687
4754	3197
4755	798
4756	624
4757	51
4758	387
4759	380
4760	3816
4761	2635
4762	1
4763	421
4764	3899
4765	4129
4766	2541
4767	1687
4768	3293
4769	1792
4770	128
4771	2639
4772	3561
4773	4514
4774	68
4775	77
4776	3687
4777	1719
4778	2176
4779	1759
4780	2454
4781	1816
4782	996
4783	854
4784	444
4785	1210
4786	573
4787	2520
4788	1386
4789	4
4790	302
4791	158
4792	0
4793	1678
4794	532
4795	9
4796	2752
4797	0
4798	1
4799	1483
4800	698
4801	4562
4802	730
4803	2203
4804	4116
4805	204
4806	1616
4807	451
4808	3531
4809	261
4810	63
4811	0
4812	3178
4813	3357
4814	1633
4815	2383
4816	3070
4817	503
4818	103
4819	385
4820	26
4821	4777
4822	1980
4823	1525
4824	1973
4825	12
4826	4490
4827	1564
4828	2913
4829	2603
4830	2196
4831	375
4832	2200
4833	3024
4834	3569
4835	643
4836	3840
4837	1
4838	3991
4839	0
4840	889
4841	2599
4842	280
4843	1849
4844	21
4845	2579
4846	4024
4847	338
4848	6
4849	60
4850	24
4851	26
4852	2867
4853	1148
4854	586
4855	149
4856	4478
4857	1716
4858	3859
4859	2201
4860	420
4861	436
4862	903
4863	1399
4864	1330
4865	248
4866	3913
4867	55
4868	39
4869	226
4870	3090
4871	4047
4872	148
4873	358
4874	730
4875	1632
4876	4
4877	5
4878	32
4879	29
4880	232
4881	4025
4882	633
4883	7
4884	3943
4885	4
4886	1070
4887	4
4888	466
4889	1279
4890	2218
4891	555
4892	0
4893	807
4894	647
4895	645
4896	3528
4897	4019
4898	2483
4899	3516
4900	2778
4901	2397
4902	645
4903	2604
4904	4306
4905	230
4906	1633
4907	2160
4908	3556
4909	2984
4910	380
4911	2299
4912	1275
4913	250
4914	0
4915	1572
4916	656
4917	1853
4918	807
4919	1352
4920	689
4921	440
4922	816
4923	3563
4924	776
4925	616
4926	3657
4927	2164
4928	3468
4929	280
4930	980
4931	1834
4932	3112
4933	121
4934	235
4935	822
4936	1619
4937	4
4938	1094
4939	148
4940	4
4941	1968
4942	1788
4943	0
4944	113
4945	2855
4946	1709
4947	3408
4948	66
4949	928
4950	72
4951	1477
4952	456
4953	773
4954	1214
4955	1849
4956	3202
4957	4922
4958	2104
4959	1943
4960	1943
4961	470
4962	4480
4963	733
4964	1004
4965	0
4966	15
4967	997
4968	84
4969	1151
4970	325
4971	2040
4972	15
4973	2151
4974	2302
4975	971
4976	37
4977	4
4978	2199
4979	1412
4980	955
4981	958
4982	1765
4983	526
4984	1577
4985	23
4986	348
4987	52
4988	217
4989	813
4990	3515
4991	3695
4992	237
4993	3646
4994	3632
4995	3274
4996	153
4997	464
4998	3088
4999	40
5000	3
5001	682
5002	424
5003	4576
5004	1010
5005	4124
5006	442
5007	2379
5008	28
5009	951
5010	100
5011	444
5012	4077
5013	95
5014	343
5015	356
5016	542
5017	421
5018	84
5019	2337
5020	3968
5021	4418
5022	3312
5023	4546
5024	2125
5025	2468
5026	518
5027	150
5028	1441
5029	429
5030	1119
5031	4542
5032	5
5033	1759
5034	1315
5035	317
5036	3593
5037	3119
5038	2537
5039	2384
5040	0
5041	341
5042	1364
5043	3056
5044	4076
5045	479
5046	293
5047	432
5048	2745
5049	1846
5050	68
5051	0
5052	568
5053	121
5054	241
5055	2995
5056	564
5057	640
5058	589
5059	736
5060	4468
5061	6
5062	2769
5063	182
5064	4196
5065	675
5066	1749
5067	572
5068	3840
5069	751
5070	95
5071	1690
5072	2990
5073	896
5074	0
5075	2995
5076	32
5077	3697
5078	997
5079	2952
5080	1485
5081	2822
5082	381
5083	1177
5084	2132
5085	2107
5086	2379
5087	566
5088	1199
5089	2624
5090	2801
5091	667
5092	421
5093	65
5094	3879
5095	1895
5096	34
5097	1263
5098	0
5099	3235
5100	817
5101	796
5102	3041
5103	1552
5104	766
5105	3192
5106	492
5107	1192
5108	129
5109	2827
5110	4442
5111	76
5112	681
5113	32
5114	3136
5115	98
5116	11
5117	1610
5118	860
5119	53
5120	1
5121	3163
5122	420
5123	1004
5124	1991
5125	719
5126	3827
5127	683
5128	3311
5129	18
5130	796
5131	1687
5132	176
5133	8
5134	544
5135	2209
5136	1421
5137	9
5138	1
5139	4029
5140	393
5141	5
5142	1206
5143	177
5144	4476
5145	1
5146	32
5147	3415
5148	533
5149	382
5150	4648
5151	4738
5152	2076
5153	2085
5154	4964
5155	1209
5156	5004
5157	3088
5158	51
5159	1619
5160	3205
5161	3364
5162	4448
5163	1848
5164	1687
5165	2938
5166	1666
5167	356
5168	2756
5169	73
5170	2385
5171	978
5172	1229
5173	205
5174	4222
5175	4340
5176	4648
5177	201
5178	2777
5179	483
5180	5
5181	1324
5182	56
5183	4794
5184	122
5185	493
5186	2286
5187	448
5188	244
5189	3814
5190	2436
5191	963
5192	1288
5193	4062
5194	1
5195	3182
5196	3657
5197	695
5198	4419
5199	3798
5200	2110
5201	4366
5202	56
5203	997
5204	3185
5205	5077
5206	148
5207	306
5208	12
5209	1995
5210	4919
5211	261
5212	4142
5213	2053
5214	2849
5215	164
5216	585
5217	2250
5218	3827
5219	3863
5220	114
5221	4105
5222	3866
5223	1812
5224	2821
5225	280
5226	858
5227	1327
5228	3279
5229	742
5230	3586
5231	3556
5232	522
5233	12
5234	432
5235	4469
5236	4945
5237	2753
5238	279
5239	1421
5240	1584
5241	2774
5242	4236
5243	774
5244	842
5245	4
5246	1530
5247	4899
5248	60
5249	3416
5250	56
5251	461
5252	829
5253	829
5254	3295
5255	4196
5256	995
5257	3566
5258	1235
5259	2918
5260	957
5261	205
5262	572
5263	423
5264	3082
5265	150
5266	48
5267	26
5268	1438
5269	391
5270	1289
5271	796
5272	1946
5273	5156
5274	430
5275	1938
5276	1426
5277	391
5278	152
5279	5026
5280	4709
5281	616
5282	1482
5283	4469
5284	3144
5285	771
5286	65
5287	26
5288	1565
5289	737
5290	2378
5291	1040
5292	56
5293	1359
5294	3715
5295	52
5296	3773
5297	2947
5298	359
5299	51
5300	2291
5301	183
5302	692
5303	633
5304	0
5305	4427
5306	1036
5307	668
5308	230
5309	502
5310	587
5311	1008
5312	4
5313	3396
5314	1168
5315	4243
5316	4024
5317	5072
5318	403
5319	3561
5320	3328
5321	3393
5322	3280
5323	2998
5324	2093
5325	212
5326	1758
5327	3852
5328	4526
5329	1395
5330	684
5331	53
5332	4
5333	1360
5334	3725
5335	45
5336	104
5337	488
5338	5043
5339	1560
5340	4306
5341	73
5342	806
5343	2148
5344	121
5345	97
5346	48
5347	706
5348	2627
5349	9
5350	2704
5351	1841
5352	264
5353	1641
5354	1682
5355	1505
5356	150
5357	3606
5358	2905
5359	4894
5360	239
5361	1579
5362	5
5363	1467
5364	574
5365	4601
5366	4317
5367	634
5368	3840
5369	1280
5370	5082
5371	87
5372	2201
5373	508
5374	330
5375	0
5376	149
5377	686
5378	317
5379	5059
5380	66
5381	56
5382	1648
5383	31
5384	1995
5385	2
5386	3517
5387	94
5388	626
5389	1967
5390	3391
5391	0
5392	1122
5393	1102
5394	68
5395	168
5396	731
5397	698
5398	3446
5399	3457
5400	772
5401	382
5402	0
5403	625
5404	492
5405	42
5406	1299
5407	2073
5408	3725
5409	3325
5410	14
5411	267
5412	730
5413	2065
5414	693
5415	1915
5416	0
5417	3664
5418	4043
5419	3540
5420	2144
5421	1463
5422	81
5423	1902
5424	4627
5425	37
5426	3377
5427	3162
5428	26
5429	1007
5430	1949
5431	434
5432	698
5433	610
5434	1527
5435	4654
5436	1137
5437	2783
5438	463
5439	3687
5440	4215
5441	3357
5442	1316
5443	2
5444	313
5445	5004
5446	4064
5447	2503
5448	2302
5449	3532
5450	4476
5451	829
5452	3828
5453	766
5454	1693
5455	3032
5456	3520
5457	629
5458	1179
5459	53
5460	2140
5461	797
5462	466
5463	65
5464	3112
5465	4919
5466	148
5467	977
5468	3840
5469	2356
5470	486
5471	4
5472	525
5473	5336
5474	531
5475	1097
5476	1879
5477	1172
5478	626
5479	382
5480	0
5481	1680
5482	1171
5483	171
5484	134
5485	2337
5486	2756
5487	4435
5488	1445
5489	3113
5490	140
5491	4061
5492	346
5493	1324
5494	2876
5495	680
5496	781
5497	3470
5498	373
5499	1439
5500	755
5501	453
5502	217
5503	280
5504	3930
5505	565
5506	1052
5507	3275
5508	1973
5509	722
5510	225
5511	2568
5512	2694
5513	972
5514	261
5515	67
5516	2458
5517	4393
5518	2395
5519	0
5520	789
5521	1687
5522	1599
5523	240
5524	1719
5525	2209
5526	5385
5527	2125
5528	431
5529	2073
5530	3658
5531	808
5532	5037
5533	3325
5534	287
5535	36
5536	2362
5537	1318
5538	1291
5539	1699
5540	664
5541	1142
5542	525
5543	3391
5544	248
5545	1063
5546	3545
5547	1237
5548	1286
5549	1079
5550	1412
5551	3074
5552	179
5553	2762
5554	3473
5555	27
5556	373
5557	4165
5558	40
5559	2839
5560	1679
5561	1606
5562	2330
5563	5219
5564	1541
5565	60
5566	1441
5567	991
5568	2067
5569	3340
5570	3761
5571	2133
5572	1861
5573	1647
5574	284
5575	2387
5576	4642
5577	4282
5578	181
5579	3052
5580	889
5581	130
5582	1246
5583	133
5584	624
5585	2895
5586	996
5587	1046
5588	987
5589	1007
5590	972
5591	1315
5592	2132
5593	721
5594	44
5595	2963
5596	599
5597	857
5598	2433
5599	878
5600	201
5601	2927
5602	3811
5603	93
5604	1972
5605	456
5606	3624
5607	3316
5608	4945
5609	81
5610	443
5611	597
5612	4080
5613	4554
5614	1012
5615	5300
5616	272
5617	1125
5618	4718
5619	0
5620	1085
5621	507
5622	1219
5623	240
5624	465
5625	2244
5626	542
5627	3606
5628	3439
5629	219
5630	538
5631	2019
5632	1646
5633	3057
5634	3343
5635	3564
5636	3085
5637	67
5638	5
5639	1022
5640	592
5641	1323
5642	2504
5643	2988
5644	746
5645	3104
5646	2117
5647	353
5648	3196
5649	449
5650	32
5651	612
5652	233
5653	2925
5654	1119
5655	43
5656	350
5657	4922
5658	78
5659	1335
5660	533
5661	1200
5662	43
5663	181
5664	1466
5665	44
5666	157
5667	208
5668	4700
5669	2866
5670	1073
5671	1113
5672	140
5673	51
5674	1036
5675	2577
5676	29
5677	4503
5678	326
5679	4167
5680	1437
5681	2384
5682	4920
5683	5470
5684	1327
5685	27
5686	2374
5687	147
5688	1159
5689	350
5690	2125
5691	309
5692	2570
5693	734
5694	782
5695	1948
5696	4867
5697	3499
5698	1904
5699	2629
5700	2907
5701	4215
5702	130
5703	2184
5704	4354
5705	4696
5706	41
5707	3263
5708	2
5709	2415
5710	3499
5711	1988
5712	0
5713	614
5714	5556
5715	5484
5716	1441
5717	668
5718	1455
5719	4580
5720	2370
5721	5581
5722	3716
5723	1971
5724	60
5725	320
5726	602
5727	1040
5728	5443
5729	5689
5730	446
5731	1858
5732	2433
5733	0
5734	5486
5735	3213
5736	1775
5737	2940
5738	766
5739	2400
5740	313
5741	2290
5742	4287
5743	686
5744	3943
5745	2583
5746	52
5747	1604
5748	421
5749	418
5750	414
5751	978
5752	626
5753	4083
5754	2033
5755	711
5756	216
5757	0
5758	107
5759	1066
5760	1609
5761	3503
5762	133
5763	66
5764	134
5765	1842
5766	3357
5767	3429
5768	4329
5769	1
5770	3356
5771	5559
5772	1039
5773	3124
5774	2899
5775	5212
5776	3825
5777	4
5778	3301
5779	2435
5780	651
5781	47
5782	32
5783	4726
5784	3081
5785	2
5786	2202
5787	398
5788	349
5789	483
5790	836
5791	4432
5792	3142
5793	2176
5794	403
5795	2745
5796	1251
5797	1892
5798	2194
5799	4895
5800	56
5801	74
5802	396
5803	5492
5804	3933
5805	539
5806	1483
5807	2740
5808	1693
5809	2668
5810	78
5811	996
5812	4734
5813	2133
5814	3213
5815	0
5816	43
5817	2377
5818	4439
5819	2939
5820	105
5821	133
5822	5125
5823	1624
5824	266
5825	4972
5826	681
5827	4469
5828	153
5829	3959
5830	4859
5831	5785
5832	4069
5833	97
5834	39
5835	5091
5836	2010
5837	4217
5838	31
5839	186
5840	12
5841	45
5842	4340
5843	2378
5844	4622
5845	1590
5846	1307
5847	1941
5848	574
5849	499
5850	114
5851	1066
5852	3267
5853	430
5854	3560
5855	4654
5856	773
5857	1968
5858	796
5859	2176
5860	2610
5861	2098
5862	49
5863	3443
5864	12
5865	1919
5866	62
5867	1087
5868	2148
5869	1160
5870	956
5871	2971
5872	407
5873	5621
5874	5560
5875	651
5876	466
5877	4748
5878	3719
5879	1055
5880	1562
5881	4260
5882	232
5883	253
5884	3725
5885	436
5886	4198
5887	37
5888	156
5889	2885
5890	1114
5891	313
5892	758
5893	3197
5894	5154
5895	1680
5896	326
5897	3392
5898	429
5899	10
5900	389
5901	2899
5902	146
5903	77
5904	4552
5905	3293
5906	3798
5907	3464
5908	563
5909	3472
5910	573
5911	3356
5912	4271
5913	5115
5914	4524
5915	5625
5916	341
5917	1277
5918	120
5919	357
5920	3929
5921	3170
5922	94
5923	204
5924	949
5925	905
5926	5226
5927	2629
5928	5492
5929	2750
5930	2183
5931	4287
5932	1164
5933	2976
5934	2999
5935	6
5936	868
5937	933
5938	6
5939	569
5940	174
5941	67
5942	156
5943	3827
5944	2565
5945	776
5946	373
5947	1938
5948	1821
5949	2699
5950	424
5951	54
5952	4299
5953	2627
5954	270
5955	2452
5956	2447
5957	1418
5958	565
5959	176
5960	272
5961	4764
5962	133
5963	977
5964	2750
5965	3284
5966	908
5967	773
5968	1707
5969	889
5970	1248
5971	114
5972	1332
5973	5530
5974	781
5975	1573
5976	1719
5977	3774
5978	3269
5979	84
5980	5223
5981	26
5982	32
5983	2545
5984	3192
5985	5894
5986	4505
5987	2642
5988	225
5989	1019
5990	3468
5991	172
5992	2538
5993	5846
5994	4047
5995	1315
5996	1552
5997	1220
5998	1490
5999	12
6000	518
6001	4
6002	2712
6003	1522
6004	56
6005	133
6006	478
6007	9
6008	1203
6009	2545
6010	0
6011	2033
6012	2602
6013	232
6014	5625
6015	509
6016	4927
6017	5806
6018	2115
6019	1360
6020	94
6021	1724
6022	773
6023	1070
6024	2963
6025	3827
6026	3942
6027	1685
6028	3643
6029	1296
6030	2941
6031	3337
6032	4310
6033	3037
6034	440
6035	901
6036	2597
6037	5015
6038	1699
6039	2129
6040	464
6041	842
6042	0
6043	5810
6044	2319
6045	445
6046	379
6047	552
6048	316
6049	2867
6050	1414
6051	325
6052	46
6053	8
6054	55
6055	897
6056	1633
6057	4026
6058	451
6059	5
6060	1699
6061	5
6062	5382
6063	226
6064	1841
6065	5484
6066	47
6067	1242
6068	972
6069	645
6070	2862
6071	5
6072	4439
6073	1070
6074	311
6075	6009
6076	5272
6077	1639
6078	2629
6079	3103
6080	3172
6081	3123
6082	4835
6083	2490
6084	32
6085	866
6086	2050
6087	5504
6088	114
6089	3980
6090	1535
6091	32
6092	729
6093	4931
6094	4024
6095	379
6096	467
6097	446
6098	0
6099	1199
6100	4
6101	290
6102	727
6103	164
6104	56
6105	1967
6106	1345
6107	656
6108	5430
6109	1330
6110	288
6111	972
6112	4080
6113	1707
6114	1071
6115	1783
6116	4422
6117	604
6118	5385
6119	1593
6120	51
6121	4
6122	6047
6123	3935
6124	154
6125	7
6126	1174
6127	1463
6128	3865
6129	533
6130	2533
6131	5708
6132	1226
6133	2053
6134	1208
6135	3071
6136	2107
6137	0
6138	1524
6139	6
6140	5784
6141	3766
6142	121
6143	3244
6144	1027
6145	168
6146	235
6147	1775
6148	1060
6149	1715
6150	140
6151	240
6152	150
6153	286
6154	52
6155	1861
6156	1788
6157	243
6158	2497
6159	1632
6160	695
6161	546
6162	4132
6163	30
6164	1228
6165	52
6166	204
6167	1490
6168	4012
6169	1845
6170	5579
6171	3395
6172	6049
6173	4624
6174	3082
6175	230
6176	4349
6177	5286
6178	5618
6179	2862
6180	4153
6181	2930
6182	148
6183	960
6184	4067
6185	4750
6186	1556
6187	1407
6188	3824
6189	2367
6190	1293
6191	2283
6192	1852
6193	2385
6194	4843
6195	2907
6196	26
6197	1036
6198	352
6199	679
6200	975
6201	4355
6202	278
6203	2462
6204	1239
6205	160
6206	483
6207	1351
6208	3980
6209	1912
6210	3141
6211	3983
6212	5748
6213	681
6214	1952
6215	186
6216	3520
6217	2377
6218	73
6219	68
6220	3588
6221	186
6222	2940
6223	2969
6224	3953
6225	256
6226	5815
6227	40
6228	1418
6229	2239
6230	15
6231	190
6232	4215
6233	632
6234	94
6235	973
6236	1294
6237	4852
6238	241
6239	2787
6240	1208
6241	51
6242	78
6243	5855
6244	1716
6245	3182
6246	317
6247	94
6248	150
6249	309
6250	1462
6251	4315
6252	2817
6253	4
6254	4843
6255	5345
6256	51
6257	1625
6258	3155
6259	4537
6260	2418
6261	576
6262	1073
6263	148
6264	4069
6265	111
6266	4351
6267	3749
6268	712
6269	730
6270	255
6271	280
6272	963
6273	2425
6274	14
6275	1754
6276	32
6277	5984
6278	3343
6279	5982
6280	5637
6281	4420
6282	1919
6283	5559
6284	2693
6285	0
6286	3597
6287	5584
6288	4795
6289	3924
6290	4
6291	125
6292	5
6293	3226
6294	1208
6295	263
6296	1791
6297	1774
6298	1628
6299	1557
6300	3226
6301	1814
6302	5584
6303	2663
6304	2769
6305	4746
6306	121
6307	183
6308	4915
6309	4642
6310	1560
6311	949
6312	3233
6313	4844
6314	5070
6315	1465
6316	1759
6317	2
6318	5712
6319	2134
6320	799
6321	4210
6322	5815
6323	183
6324	374
6325	4622
6326	875
6327	12
6328	91
6329	133
6330	3507
6331	2987
6332	6
6333	4492
6334	1461
6335	1374
6336	3657
6337	5209
6338	1070
6339	1997
6340	4223
6341	5563
6342	2534
6343	4310
6344	198
6345	1115
6346	825
6347	4340
6348	3771
6349	3513
6350	100
6351	3365
6352	42
6353	1127
6354	3445
6355	1822
6356	586
6357	148
6358	3295
6359	2168
6360	2503
6361	2819
6362	313
6363	1018
6364	4086
6365	2357
6366	4239
6367	2244
6368	91
6369	2984
6370	183
6371	4613
6372	861
6373	385
6374	2483
6375	332
6376	161
6377	2131
6378	734
6379	5134
6380	4624
6381	1055
6382	2280
6383	5
6384	0
6385	751
6386	6111
6387	4492
6388	3749
6389	247
6390	2605
6391	4976
6392	3227
6393	3040
6394	3049
6395	3650
6396	256
6397	2183
6398	2642
6399	100
6400	3284
6401	21
6402	1841
6403	1360
6404	702
6405	2360
6406	4500
6407	473
6408	5584
6409	4580
6410	2107
6411	11
6412	2765
6413	1251
6414	1416
6415	2260
6416	346
6417	84
6418	1108
6419	171
6420	4623
6421	2869
6422	114
6423	172
6424	39
6425	41
6426	256
6427	739
6428	1134
6429	31
6430	734
6431	1159
6432	3568
6433	2409
6434	196
6435	1177
6436	205
6437	2069
6438	123
6439	3454
6440	5054
6441	3379
6442	5
6443	66
6444	4089
6445	1410
6446	3543
6447	2268
6448	3387
6449	1438
6450	4
6451	1254
6452	5826
6453	424
6454	45
6455	2308
6456	836
6457	3375
6458	781
6459	3855
6460	4285
6461	2302
6462	2426
6463	173
6464	6345
6465	16
6466	333
6467	2575
6468	323
6469	5097
6470	1564
6471	1664
6472	446
6473	160
6474	540
6475	603
6476	2642
6477	3581
6478	4851
6479	827
6480	951
6481	41
6482	548
6483	0
6484	1589
6485	0
6486	2286
6487	5233
6488	5000
6489	73
6490	3138
6491	4872
6492	4
6493	110
6494	646
6495	3816
6496	563
6497	6139
6498	576
6499	4362
6500	823
6501	1562
6502	4560
6503	4619
6504	268
6505	2616
6506	145
6507	1322
6508	30
6509	5226
6510	2936
6511	6396
6512	2019
6513	308
6514	3893
6515	340
6516	759
6517	4
6518	664
6519	1847
6520	0
6521	283
6522	174
6523	924
6524	65
6525	1427
6526	6004
6527	1458
6528	3443
6529	1579
6530	32
6531	583
6532	5869
6533	30
6534	1238
6535	6282
6536	332
6537	2763
6538	492
6539	161
6540	4468
6541	3762
6542	185
6543	2017
6544	1537
6545	1007
6546	2819
6547	215
6548	32
6549	876
6550	450
6551	3481
6552	3716
6553	2079
6554	5470
6555	62
6556	825
6557	5839
6558	4633
6559	5480
6560	878
6561	56
6562	5992
6563	1010
6564	1030
6565	171
6566	225
6567	356
6568	470
6569	997
6570	3604
6571	1038
6572	5771
6573	45
6574	5229
6575	674
6576	12
6577	1449
6578	1324
6579	12
6580	5602
6581	565
6582	1083
6583	620
6584	261
6585	2341
6586	1490
6587	863
6588	6062
6589	4609
6590	3458
6591	721
6592	4113
6593	248
6594	124
6595	1971
6596	676
6597	2063
6598	272
6599	886
6600	212
6601	225
6602	23
6603	133
6604	6556
6605	2655
6606	3544
6607	5654
6608	2486
6609	181
6610	225
6611	3398
6612	1
6613	2540
6614	691
6615	21
6616	5276
6617	261
6618	1007
6619	5215
6620	2031
6621	4003
6622	6187
6623	733
6624	248
6625	133
6626	168
6627	5624
6628	2491
6629	3430
6630	5454
6631	441
6632	765
6633	0
6634	68
6635	100
6636	1685
6637	93
6638	283
6639	5370
6640	1273
6641	6559
6642	2637
6643	348
6644	154
6645	4920
6646	4557
6647	78
6648	43
6649	173
6650	3940
6651	3110
6652	2789
6653	1199
6654	1025
6655	703
6656	3465
6657	2994
6658	579
6659	4368
6660	4352
6661	3818
6662	3476
6663	696
6664	447
6665	2233
6666	81
6667	50
6668	2426
6669	3323
6670	41
6671	1427
6672	1401
6673	4233
6674	3
6675	947
6676	1011
6677	4166
6678	1995
6679	3636
6680	4
6681	14
6682	1789
6683	2534
6684	1796
6685	2107
6686	5672
6687	607
6688	40
6689	798
6690	1207
6691	2193
6692	913
6693	564
6694	2649
6695	149
6696	3878
6697	237
6698	32
6699	4319
6700	3774
6701	6666
6702	939
6703	3400
6704	541
6705	179
6706	179
6707	4699
6708	2732
6709	373
6710	56
6711	2809
6712	2491
6713	6573
6714	5652
6715	32
6716	1685
6717	3618
6718	6356
6719	1691
6720	12
6721	1862
6722	564
6723	5691
6724	223
6725	5875
6726	2848
6727	5156
6728	862
6729	2355
6730	39
6731	5254
6732	848
6733	6143
6734	5093
6735	3125
6736	692
6737	1581
6738	1632
6739	1277
6740	1816
6741	350
6742	4904
6743	4503
6744	2483
6745	0
6746	1439
6747	2107
6748	78
6749	1309
6750	437
6751	3254
6752	5529
6753	2511
6754	4947
6755	3774
6756	3555
6757	2202
6758	875
6759	1416
6760	1619
6761	3195
6762	135
6763	2641
6764	6711
6765	5429
6766	3120
6767	3808
6768	4
6769	2595
6770	4673
6771	368
6772	32
6773	730
6774	4207
6775	2337
6776	4971
6777	2452
6778	3130
6779	2347
6780	3952
6781	2791
6782	1962
6783	208
6784	964
6785	26
6786	4058
6787	2319
6788	5156
6789	278
6790	5654
6791	869
6792	977
6793	5598
6794	368
6795	499
6796	133
6797	5784
6798	1879
6799	37
6800	3672
6801	4
6802	1
6803	114
6804	3219
6805	421
6806	3955
6807	2233
6808	3701
6809	998
6810	412
6811	1344
6812	125
6813	3544
6814	6632
6815	3865
6816	440
6817	3269
6818	2644
6819	633
6820	1807
6821	1988
6822	5430
6823	62
6824	7
6825	5894
6826	1641
6827	2090
6828	573
6829	1537
6830	15
6831	1330
6832	1083
6833	6245
6834	4945
6835	4425
6836	1217
6837	1135
6838	5115
6839	972
6840	4133
6841	977
6842	4
6843	288
6844	39
6845	3967
6846	2470
6847	66
6848	26
6849	2584
6850	424
6851	1116
6852	3
6853	1620
6854	351
6855	2565
6856	3092
6857	1
6858	4008
6859	4146
6860	1308
6861	207
6862	3570
6863	5828
6864	586
6865	65
6866	492
6867	1557
6868	573
6869	388
6870	532
6871	4777
6872	52
6873	4334
6874	2019
6875	869
6876	949
6877	2127
6878	3701
6879	78
6880	169
6881	1026
6882	0
6883	1765
6884	1308
6885	2
6886	5652
6887	6062
6888	78
6889	5249
6890	472
6891	1219
6892	5
6893	4827
6894	2989
6895	3782
6896	2149
6897	3338
6898	471
6899	5796
6900	680
6901	1777
6902	1123
6903	133
6904	2
6905	1008
6906	2913
6907	2324
6908	261
6909	1198
6910	3983
6911	6877
6912	253
6913	11
6914	2228
6915	5799
6916	1430
6917	1116
6918	3878
6919	6130
6920	836
6921	4
6922	3337
6923	3730
6924	338
6925	351
6926	261
6927	3194
6928	3423
6929	1584
6930	0
6931	3283
6932	1967
6933	1484
6934	137
6935	6511
6936	1966
6937	745
6938	4537
6939	268
6940	32
6941	1599
6942	493
6943	3757
6944	1973
6945	2444
6946	1199
6947	246
6948	3500
6949	421
6950	11
6951	5595
6952	1291
6953	2712
6954	3553
6955	897
6956	0
6957	3947
6958	1942
6959	3356
6960	5166
6961	4871
6962	1315
6963	2841
6964	3061
6965	4
6966	4149
6967	2486
6968	2855
6969	3290
6970	405
6971	3082
6972	6950
6973	2083
6974	6
6975	2016
6976	1774
6977	947
6978	1619
6979	94
6980	3016
6981	23
6982	462
6983	1682
6984	2825
6985	5578
6986	4364
6987	311
6988	996
6989	2503
6990	576
6991	300
6992	2855
6993	5771
6994	66
6995	1724
6996	825
6997	5815
6998	230
6999	239
7000	2942
7001	4742
7002	2239
7003	1
7004	5004
7005	796
7006	4717
7007	2893
7008	5031
7009	1593
7010	148
7011	203
7012	6304
7013	635
7014	4
7015	983
7016	1967
7017	90
7018	446
7019	5709
7020	1251
7021	6367
7022	466
7023	4653
7024	2163
7025	1973
7026	532
7027	603
7028	5891
7029	12
7030	5692
7031	340
7032	903
7033	154
7034	3216
7035	2193
7036	338
7037	6017
7038	1
7039	5237
7040	808
7041	459
7042	1805
7043	584
7044	398
7045	1541
7046	128
7047	100
7048	12
7049	124
7050	4828
7051	2196
7052	2834
7053	1940
7054	1891
7055	2498
7056	285
7057	2133
7058	169
7059	2543
7060	4037
7061	4975
7062	5854
7063	261
7064	6238
7065	5221
7066	4422
7067	1541
7068	181
7069	2881
7070	2525
7071	72
7072	620
7073	203
7074	32
7075	6237
7076	67
7077	870
7078	1000
7079	325
7080	1618
7081	1319
7082	44
7083	507
7084	2639
7085	5229
7086	3588
7087	641
7088	32
7089	646
7090	2434
7091	2168
7092	774
7093	573
7094	5897
7095	985
7096	121
7097	343
7098	615
7099	6557
7100	4177
7101	1282
7102	513
7103	1859
7104	4097
7105	184
7106	718
7107	3563
7108	664
7109	1452
7110	631
7111	6469
7112	466
7113	1103
7114	50
7115	283
7116	1
7117	6124
7118	1698
7119	5559
7120	1454
7121	6523
7122	3405
7123	51
7124	2006
7125	3644
7126	4589
7127	6359
7128	3680
7129	1191
7130	3088
7131	4848
7132	697
7133	4
7134	464
7135	1547
7136	3284
7137	6324
7138	180
7139	5276
7140	65
7141	6756
7142	1128
7143	4861
7144	2625
7145	3840
7146	1799
7147	4106
7148	144
7149	32
7150	7091
7151	641
7152	1873
7153	4315
7154	5715
7155	2749
7156	1
7157	5321
7158	6778
7159	76
7160	1374
7161	1405
7162	3
7163	871
7164	937
7165	352
7166	796
7167	972
7168	2391
7169	3544
7170	275
7171	2200
7172	1293
7173	205
7174	6200
7175	1447
7176	1021
7177	2114
7178	3848
7179	3113
7180	4
7181	52
7182	2193
7183	726
7184	1434
7185	34
7186	5698
7187	3354
7188	1976
7189	1052
7190	871
7191	3544
7192	4
7193	133
7194	109
7195	927
7196	345
7197	4555
7198	6671
7199	5159
7200	6557
7201	417
7202	5911
7203	6095
7204	1980
7205	1105
7206	3516
7207	196
7208	5851
7209	2548
7210	0
7211	5429
7212	4398
7213	2753
7214	370
7215	5424
7216	937
7217	3331
7218	7083
7219	3682
7220	5764
7221	620
7222	2035
7223	148
7224	6824
7225	575
7226	4593
7227	3372
7228	4417
7229	1291
7230	4
7231	465
7232	181
7233	5624
7234	1915
7235	1679
7236	984
7237	6462
7238	4546
7239	580
7240	374
7241	2196
7242	183
7243	241
7244	0
7245	3142
7246	3909
7247	668
7248	5618
7249	32
7250	2464
7251	9
7252	43
7253	6652
7254	3035
7255	6098
7256	1477
7257	2310
7258	2662
7259	2548
7260	32
7261	4898
7262	1335
7263	200
7264	2
7265	2058
7266	2246
7267	2992
7268	73
7269	4674
7270	6330
7271	1535
7272	32
7273	730
7274	5306
7275	1327
7276	6197
7277	1546
7278	4767
7279	2231
7280	6824
7281	2363
7282	3147
7283	4948
7284	751
7285	1342
7286	6952
7287	937
7288	1769
7289	424
7290	2630
7291	1659
7292	14
7293	308
7294	1214
7295	550
7296	4990
7297	41
7298	7107
7299	3251
7300	2919
7301	2035
7302	340
7303	2470
7304	1036
7305	1216
7306	825
7307	1927
7308	313
7309	4044
7310	3791
7311	342
7312	1441
7313	190
7314	325
7315	140
7316	1049
7317	1997
7318	456
7319	2350
7320	2184
7321	50
7322	1055
7323	3739
7324	1040
7325	3729
7326	2393
7327	5365
7328	7184
7329	93
7330	2134
7331	40
7332	1765
7333	1
7334	3117
7335	3732
7336	436
7337	5342
7338	546
7339	1696
7340	5556
7341	16
7342	3104
7343	3149
7344	4306
7345	1156
7346	6289
7347	6899
7348	119
7349	1
7350	7239
7351	478
7352	509
7353	6851
7354	248
7355	52
7356	279
7357	3771
7358	1407
7359	281
7360	616
7361	3238
7362	3523
7363	3258
7364	1552
7365	1421
7366	21
7367	552
7368	73
7369	5316
7370	1685
7371	48
7372	354
7373	3182
7374	3527
7375	5189
7376	3121
7377	2537
7378	68
7379	1478
7380	3089
7381	1848
7382	1936
7383	2137
7384	5584
7385	1419
7386	2296
7387	5595
7388	451
7389	3393
7390	94
7391	105
7392	4849
7393	1232
7394	4420
7395	4
7396	6156
7397	2434
7398	2938
7399	4720
7400	5920
7401	614
7402	102
7403	2565
7404	1828
7405	1518
7406	4831
7407	135
7408	380
7409	173
7410	5
7411	4243
7412	4
7413	2993
7414	4111
7415	443
7416	7117
7417	248
7418	1633
7419	2673
7420	1632
7421	78
7422	2473
7423	5486
7424	338
7425	7212
7426	0
7427	91
7428	81
7429	85
7430	698
7431	288
7432	4040
7433	3122
7434	3728
7435	897
7436	3168
7437	4133
7438	6811
7439	2266
7440	67
7441	1500
7442	0
7443	3343
7444	3855
7445	7282
7446	6175
7447	5196
7448	1833
7449	4514
7450	12
7451	972
7452	5223
7453	3464
7454	3124
7455	56
7456	3089
7457	2239
7458	620
7459	951
7460	513
7461	690
7462	448
7463	2714
7464	546
7465	66
7466	4037
7467	62
7468	62
7469	12
7470	4648
7471	2450
7472	5287
7473	3016
7474	2350
7475	4178
7476	4953
7477	6374
7478	1647
7479	81
7480	325
7481	2994
7482	3752
7483	43
7484	766
7485	0
7486	5236
7487	919
7488	2940
7489	829
7490	267
7491	2537
7492	305
7493	5231
7494	168
7495	2654
7496	73
7497	575
7498	1438
7499	2160
7500	268
7501	3035
7502	1801
7503	140
7504	5288
7505	512
7506	2565
7507	1
7508	99
7509	5784
7510	645
7511	5826
7512	1711
7513	4478
7514	5421
7515	4280
7516	120
7517	6194
7518	2337
7519	4776
7520	519
7521	1263
7522	4490
7523	963
7524	311
7525	3859
7526	4040
7527	1292
7528	200
7529	7142
7530	603
7531	1987
7532	3535
7533	749
7534	6149
7535	436
7536	3929
7537	4988
7538	6659
7539	845
7540	525
7541	7026
7542	2444
7543	579
7544	2319
7545	1100
7546	29
7547	4977
7548	1902
7549	949
7550	2050
7551	2006
7552	866
7553	1119
7554	2571
7555	3943
7556	45
7557	2212
7558	1364
7559	4942
7560	5563
7561	2335
7562	571
7563	472
7564	5748
7565	4116
7566	3836
7567	933
7568	1208
7569	2168
7570	6183
7571	5125
7572	443
7573	2250
7574	113
7575	133
7576	565
7577	2
7578	6913
7579	1804
7580	44
7581	5173
7582	4542
7583	1465
7584	4895
7585	261
7586	711
7587	848
7588	3469
7589	299
7590	3810
7591	4
7592	1299
7593	2114
7594	5455
7595	255
7596	1420
7597	5725
7598	2907
7599	1888
7600	149
7601	693
7602	1965
7603	1487
7604	5826
7605	3793
7606	2337
7607	4534
7608	78
7609	2585
7610	4985
7611	6300
7612	1375
7613	4266
7614	3171
7615	256
7616	122
7617	7084
7618	0
7619	1628
7620	459
7621	5563
7622	2
7623	6374
7624	373
7625	6480
7626	5301
7627	1856
7628	614
7629	3122
7630	1160
7631	513
7632	32
7633	3343
7634	93
7635	1238
7636	2839
7637	3737
7638	780
7639	4284
7640	21
7641	1315
7642	1291
7643	345
7644	0
7645	4
7646	4047
7647	2260
7648	4421
7649	7127
7650	3056
7651	9
7652	657
7653	4038
7654	129
7655	2565
7656	144
7657	4073
7658	5254
7659	901
7660	2094
7661	7083
7662	1441
7663	2639
7664	5562
7665	1288
7666	2925
7667	617
7668	360
7669	1607
7670	135
7671	338
7672	7362
7673	6808
7674	589
7675	3746
7676	1096
7677	32
7678	2
7679	5286
7680	3972
7681	204
7682	3
7683	56
7684	12
7685	2992
7686	7341
7687	730
7688	4980
7689	466
7690	4579
7691	7212
7692	1477
7693	3290
7694	2009
7695	7626
7696	5829
7697	1536
7698	1177
7699	5589
7700	1548
7701	7053
7702	1552
7703	2385
7704	45
7705	7204
7706	26
7707	14
7708	263
7709	2070
7710	32
7711	5670
7712	4876
7713	3122
7714	711
7715	338
7716	2586
7717	1553
7718	4433
7719	2963
7720	3054
7721	1280
7722	108
7723	7296
7724	1701
7725	668
7726	66
7727	1765
7728	656
7729	2866
7730	7290
7731	546
7732	2983
7733	752
7734	6359
7735	751
7736	5870
7737	7
7738	461
7739	0
7740	2692
7741	1485
7742	1603
7743	330
7744	6995
7745	4266
7746	0
7747	359
7748	62
7749	6048
7750	5156
7751	11
7752	5062
7753	4451
7754	6186
7755	364
7756	2595
7757	3353
7758	150
7759	4675
7760	6802
7761	5658
7762	2361
7763	3194
7764	11
7765	299
7766	2214
7767	6374
7768	7361
7769	150
7770	12
7771	455
7772	3413
7773	6213
7774	6708
7775	2
7776	0
7777	40
7778	5897
7779	4206
7780	5300
7781	1959
7782	5590
7783	148
7784	2324
7785	6422
7786	238
7787	6139
7788	971
7789	1070
7790	56
7791	2292
7792	5276
7793	4213
7794	5992
7795	94
7796	147
7797	62
7798	3144
7799	7002
7800	506
7801	633
7802	530
7803	2629
7804	2921
7805	6971
7806	4676
7807	1368
7808	145
7809	6185
7810	3122
7811	598
7812	3513
7813	1915
7814	6644
7815	3109
7816	1479
7817	2969
7818	1497
7819	4823
7820	6140
7821	345
7822	7339
7823	434
7824	1160
7825	1
7826	6739
7827	3
7828	1764
7829	3025
7830	7292
7831	1438
7832	56
7833	6621
7834	271
7835	100
7836	1363
7837	3274
7838	5901
7839	2136
7840	1299
7841	1845
7842	4832
7843	6751
7844	5420
7845	122
7846	341
7847	346
7848	3293
7849	1922
7850	2250
7851	5307
7852	3684
7853	464
7854	1293
7855	709
7856	161
7857	0
7858	6244
7859	6561
7860	668
7861	50
7862	140
7863	565
7864	1740
7865	7322
7866	1427
7867	1004
7868	1416
7869	159
7870	6485
7871	640
7872	6185
7873	28
7874	62
7875	2936
7876	152
7877	3365
7878	1313
7879	208
7880	1707
7881	3544
7882	1321
7883	385
7884	766
7885	1116
7886	1901
7887	7326
7888	241
7889	2703
7890	3657
7891	6007
7892	1849
7893	2591
7894	6811
7895	98
7896	3609
7897	899
7898	3377
7899	3009
7900	3583
7901	3955
7902	734
7903	4
7904	3575
7905	7847
7906	825
7907	1993
7908	7209
7909	3092
7910	325
7911	31
7912	4217
7913	4432
7914	1557
7915	1009
7916	1382
7917	3468
7918	2737
7919	4499
7920	3340
7921	3553
7922	2825
7923	2398
7924	42
7925	26
7926	6486
7927	559
7928	119
7929	706
7930	6451
7931	2280
7932	1707
7933	5059
7934	7428
7935	3818
7936	1467
7937	1291
7938	10
7939	4905
7940	962
7941	4521
7942	3464
7943	127
7944	174
7945	3757
7946	698
7947	23
7948	40
7949	283
7950	2979
7951	5455
7952	3408
7953	5390
7954	4351
7955	148
7956	7835
7957	2993
7958	5735
7959	2844
7960	159
7961	1176
7962	3414
7963	6301
7964	278
7965	6844
7966	4981
7967	5
7968	303
7969	263
7970	4097
7971	6768
7972	5658
7973	6520
7974	6
7975	1619
7976	3771
7977	3771
7978	6923
7979	7059
7980	0
7981	95
7982	6859
7983	2244
7984	633
7985	6944
7986	324
7987	1043
7988	2
7989	721
7990	0
7991	632
7992	1519
7993	2777
7994	2148
7995	1767
7996	3321
7997	6
7998	2353
7999	995
8000	946
8001	275
8002	1177
8003	6012
8004	5985
8005	6897
8006	2620
8007	896
8008	831
8009	1223
8010	1876
8011	2250
8012	487
8013	1418
8014	139
8015	1441
8016	6188
8017	5832
8018	2513
8019	6
8020	174
8021	5575
8022	7904
8023	376
8024	201
8025	1533
8026	698
8027	1432
8028	1463
8029	100
8030	602
8031	5192
8032	1619
8033	6368
8034	176
8035	6915
8036	1588
8037	3057
8038	568
8039	32
8040	473
8041	2193
8042	1103
8043	960
8044	89
8045	7069
8046	6437
8047	1188
8048	351
8049	1223
8050	90
8051	1313
8052	6273
8053	5978
8054	5845
8055	2498
8056	65
8057	0
8058	7456
8059	32
8060	2496
8061	52
8062	1275
8063	7461
8064	202
8065	1802
8066	6525
8067	1741
8068	2383
8069	7602
8070	3057
8071	4017
8072	178
8073	1159
8074	1486
8075	1232
8076	4
8077	248
8078	3237
8079	7403
8080	201
8081	620
8082	1486
8083	1725
8084	2959
8085	598
8086	5110
8087	1375
8088	205
8089	56
8090	3469
8091	41
8092	2909
8093	1629
8094	1922
8095	122
8096	1770
8097	7357
8098	74
8099	4233
8100	4923
8101	8067
8102	280
8103	4723
8104	2904
8105	1890
8106	6432
8107	2580
8108	6252
8109	2709
8110	4833
8111	1034
8112	42
8113	7624
8114	6167
8115	90
8116	7996
8117	323
8118	1412
8119	44
8120	176
8121	513
8122	133
8123	320
8124	7520
8125	1997
8126	565
8127	133
8128	3068
8129	3857
8130	140
8131	7764
8132	134
8133	1612
8134	2825
8135	7629
8136	6
8137	3251
8138	3481
8139	5542
8140	1799
8141	620
8142	1541
8143	1455
8144	4
8145	70
8146	993
8147	2789
8148	1103
8149	1946
8150	359
8151	1529
8152	8040
8153	5149
8154	996
8155	3398
8156	774
8157	507
8158	295
8159	3865
8160	3964
8161	6379
8162	5269
8163	0
8164	65
8165	84
8166	4
8167	9
8168	2158
8169	7207
8170	1259
8171	4
8172	3588
8173	6422
8174	7258
8175	2534
8176	2006
8177	282
8178	424
8179	6664
8180	7144
8181	26
8182	7955
8183	2530
8184	2170
8185	6738
8186	1424
8187	5652
8188	571
8189	2067
8190	228
8191	4113
8192	3598
8193	97
8194	6472
8195	48
8196	956
8197	4613
8198	0
8199	50
8200	2695
8201	5330
8202	4040
8203	3746
8204	3728
8205	2988
8206	3911
8207	2
8208	210
8209	6449
8210	2397
8211	270
8212	4424
8213	4835
8214	4347
8215	1577
8216	390
8217	3205
8218	2565
8219	3279
8220	261
8221	2066
8222	454
8223	7810
8224	793
8225	7406
8226	3185
8227	5971
8228	0
8229	4630
8230	3814
8231	424
8232	1
8233	810
8234	1440
8235	4425
8236	454
8237	3924
8238	98
8239	393
8240	7643
8241	7159
8242	11
8243	7521
8244	6098
8245	1729
8246	2547
8247	6
8248	2297
8249	5003
8250	744
8251	301
8252	4654
8253	657
8254	537
8255	6368
8256	18
8257	681
8258	1242
8259	781
8260	214
8261	949
8262	5352
8263	3008
8264	2194
8265	3455
8266	1
8267	1310
8268	279
8269	1593
8270	513
8271	5737
8272	3852
8273	408
8274	7602
8275	4
8276	4448
8277	0
8278	2808
8279	5565
8280	201
8281	4476
8282	5691
8283	98
8284	1162
8285	243
8286	1373
8287	225
8288	350
8289	3343
8290	532
8291	4421
8292	7073
8293	2707
8294	3304
8295	508
8296	432
8297	6301
8298	68
8299	6503
8300	1529
8301	150
8302	1240
8303	6750
8304	1849
8305	1312
8306	7104
8307	3943
8308	32
8309	143
8310	4468
8311	4289
8312	216
8313	308
8314	3814
8315	3796
8316	1203
8317	1669
8318	1679
8319	1553
8320	308
8321	7
8322	798
8323	6722
8324	2709
8325	7549
8326	451
8327	892
8328	2789
8329	668
8330	313
8331	3017
8332	1552
8333	1120
8334	221
8335	1545
8336	478
8337	1313
8338	2398
8339	2988
8340	0
8341	1633
8342	6667
8343	111
8344	3852
8345	1434
8346	8283
8347	7570
8348	2578
8349	28
8350	4531
8351	299
8352	5240
8353	6507
8354	8225
8355	14
8356	241
8357	1539
8358	5166
8359	128
8360	2604
8361	4393
8362	7796
8363	1816
8364	6573
8365	2011
8366	5059
8367	6185
8368	7423
8369	7712
8370	432
8371	5563
8372	865
8373	248
8374	7629
8375	6308
8376	45
8377	6141
8378	844
8379	646
8380	6847
8381	2474
8382	7948
8383	28
8384	1208
8385	5082
8386	7774
8387	825
8388	7817
8389	7253
8390	3531
8391	6
8392	2298
8393	4761
8394	483
8395	2
8396	111
8397	7424
8398	2214
8399	1040
8400	1201
8401	5820
8402	3170
8403	89
8404	1292
8405	0
8406	1368
8407	7608
8408	6020
8409	1019
8410	1581
8411	2777
8412	722
8413	81
8414	179
8415	1317
8416	90
8417	4295
8418	881
8419	37
8420	167
8421	6164
8422	594
8423	2361
8424	7166
8425	261
8426	6
8427	5
8428	471
8429	4888
8430	1323
8431	154
8432	6553
8433	1697
8434	55
8435	89
8436	2401
8437	2023
8438	749
8439	189
8440	40
8441	2085
8442	32
8443	421
8444	2979
8445	4222
8446	1521
8447	65
8448	4012
8449	1817
8450	32
8451	4438
8452	72
8453	1552
8454	4
8455	2444
8456	1816
8457	1313
8458	3018
8459	2296
8460	1019
8461	1455
8462	3848
8463	100
8464	2054
8465	182
8466	52
8467	6073
8468	5484
8469	32
8470	4655
8471	5671
8472	829
8473	42
8474	271
8475	6296
8476	3556
8477	5239
8478	51
8479	4635
8480	7963
8481	1933
8482	1483
8483	836
8484	613
8485	4
8486	1643
8487	3701
8488	4774
8489	2948
8490	1796
8491	261
8492	5057
8493	3062
8494	4521
8495	4862
8496	299
8497	2411
8498	2158
8499	5497
8500	12
8501	578
8502	52
8503	456
8504	81
8505	1829
8506	111
8507	7290
8508	611
8509	460
8510	2700
8511	377
8512	7471
8513	4352
8514	200
8515	5596
8516	207
8517	2821
8518	6931
8519	814
8520	6243
8521	987
8522	556
8523	1
8524	462
8525	430
8526	1036
8527	0
8528	8189
8529	4
8530	3741
8531	467
8532	2049
8533	108
8534	1391
8535	272
8536	4119
8537	152
8538	2203
8539	8225
8540	2808
8541	6174
8542	6589
8543	2245
8544	3049
8545	7484
8546	3950
8547	6062
8548	787
8549	4038
8550	2639
8551	161
8552	5428
8553	1463
8554	0
8555	836
8556	1464
8557	1207
8558	879
8559	5028
8560	6823
8561	350
8562	5113
8563	271
8564	6041
8565	6842
8566	2235
8567	384
8568	730
8569	3025
8570	87
8571	0
8572	1959
8573	5584
8574	5346
8575	1914
8576	8512
8577	275
8578	1768
8579	7733
8580	2969
8581	3735
8582	342
8583	6143
8584	5481
8585	5046
8586	6
8587	5915
8588	8130
8589	5659
8590	2194
8591	3120
8592	4282
8593	2433
8594	97
8595	774
8596	5909
8597	3196
8598	525
8599	1987
8600	5421
8601	123
8602	268
8603	2807
8604	4284
8605	200
8606	2976
8607	5795
8608	1208
8609	1832
8610	1523
8611	2545
8612	1904
8613	1238
8614	1036
8615	4613
8616	161
8617	2212
8618	66
8619	2433
8620	579
8621	0
8622	987
8623	23
8624	267
8625	7922
8626	6678
8627	2125
8628	8
8629	1923
8630	2
8631	1162
8632	1012
8633	1277
8634	3092
8635	4071
8636	4226
8637	1435
8638	3202
8639	65
8640	4926
8641	45
8642	3687
8643	4094
8644	4230
8645	270
8646	4516
8647	1126
8648	6476
8649	4935
8650	4041
8651	0
8652	1729
8653	1486
8654	5295
8655	5386
8656	2534
8657	2749
8658	2561
8659	856
8660	5
8661	5694
8662	3463
8663	4449
8664	8448
8665	7002
8666	32
8667	3636
8668	1875
8669	8199
8670	2613
8671	7563
8672	6091
8673	901
8674	3657
8675	267
8676	3460
8677	506
8678	4178
8679	124
8680	825
8681	4
8682	2938
8683	8372
8684	2742
8685	946
8686	2256
8687	1176
8688	5374
8689	1830
8690	3481
8691	5357
8692	2687
8693	695
8694	541
8695	8479
8696	5230
8697	63
8698	7244
8699	5170
8700	0
8701	3186
8702	6931
8703	5173
8704	325
8705	7299
8706	796
8707	1
8708	345
8709	5746
8710	8547
8711	9
8712	114
8713	40
8714	2548
8715	2
8716	43
8717	11
8718	207
8719	532
8720	451
8721	6870
8722	4997
8723	0
8724	193
8725	73
8726	325
8727	738
8728	8374
8729	0
8730	271
8731	32
8732	3531
8733	5820
8734	183
8735	3946
8736	3407
8737	127
8738	7375
8739	1794
8740	239
8741	6045
8742	691
8743	8344
8744	2972
8745	751
8746	1361
8747	5
8748	8538
8749	7920
8750	4601
8751	3553
8752	1782
8753	331
8754	7982
8755	8581
8756	440
8757	441
8758	7429
8759	140
8760	531
8761	2
8762	7525
8763	4142
8764	2473
8765	4149
8766	1614
8767	280
8768	135
8769	8032
8770	1288
8771	6527
8772	469
8773	32
8774	7362
8775	8566
8776	7261
8777	313
8778	340
8779	525
8780	493
8781	34
8782	1216
8783	359
8784	354
8785	4465
8786	5166
8787	492
8788	5270
8789	0
8790	1796
8791	656
8792	2075
8793	928
8794	324
8795	1317
8796	2262
8797	4919
8798	62
8799	288
8800	6570
8801	894
8802	780
8803	52
8804	6114
8805	2749
8806	5153
8807	148
8808	507
8809	5787
8810	2125
8811	345
8812	36
8813	5086
8814	2
8815	1226
8816	8087
8817	8374
8818	6294
8819	690
8820	8605
8821	1296
8822	3213
8823	98
8824	8229
8825	866
8826	2
8827	1441
8828	2565
8829	114
8830	338
8831	5254
8832	12
8833	7601
8834	641
8835	7604
8836	1378
8837	2266
8838	2615
8839	141
8840	8009
8841	3555
8842	44
8843	28
8844	7101
8845	2
8846	4073
8847	4945
8848	924
8849	6940
8850	3933
8851	4289
8852	8471
8853	5386
8854	472
8855	1864
8856	859
8857	2050
8858	1967
8859	1063
8860	3732
8861	772
8862	7112
8863	1022
8864	6943
8865	72
8866	3864
8867	1
8868	6854
8869	935
8870	7195
8871	961
8872	928
8873	3237
8874	325
8875	3987
8876	7312
8877	7172
8878	24
8879	90
8880	4012
8881	8559
8882	866
8883	2559
8884	1964
8885	4827
8886	4699
8887	5225
8888	856
8889	161
8890	1
8891	161
8892	7871
8893	5327
8894	2991
8895	2370
8896	6201
8897	8723
8898	5091
8899	159
8900	1283
8901	855
8902	133
8903	3104
8904	2497
8905	2273
8906	0
8907	1834
8908	25
8909	78
8910	4753
8911	3827
8912	1777
8913	5677
8914	268
8915	350
8916	2847
8917	1534
8918	0
8919	5101
8920	127
8921	5556
8922	674
8923	1151
8924	4503
8925	6997
8926	8602
8927	1129
8928	39
8929	1320
8930	6923
8931	7955
8932	4626
8933	1435
8934	5007
8935	6330
8936	7532
8937	27
8938	969
8939	3226
8940	2783
8941	1051
8942	325
8943	4063
8944	7659
8945	34
8946	6441
8947	366
8948	944
8949	788
8950	4218
8951	1438
8952	2304
8953	8391
8954	4402
8955	2907
8956	3112
8957	41
8958	3801
8959	1171
8960	8208
8961	2347
8962	6670
8963	1784
8964	449
8965	7956
8966	3818
8967	39
8968	6512
8969	3620
8970	6236
8971	32
8972	1541
8973	542
8974	4004
8975	8905
8976	77
8977	478
8978	2502
8979	573
8980	1119
8981	1307
8982	26
8983	698
8984	3838
8985	456
8986	1791
8987	5543
8988	287
8989	2114
8990	2276
8991	15
8992	176
8993	237
8994	6432
8995	749
8996	1990
8997	2777
8998	6167
8999	770
9000	4131
9001	4
9002	3275
9003	4927
9004	6465
9005	1519
9006	1838
9007	5476
9008	3791
9009	221
9010	8213
9011	1552
9012	8054
9013	1155
9014	157
9015	100
9016	5494
9017	6493
9018	5971
9019	5654
9020	3082
9021	3225
9022	796
9023	2004
9024	8337
9025	685
9026	210
9027	3071
9028	1188
9029	3611
9030	8937
9031	6969
9032	1483
9033	15
9034	241
9035	8969
9036	1275
9037	8442
9038	235
9039	3789
9040	664
9041	664
9042	3067
9043	6560
9044	465
9045	3980
9046	1000
9047	4041
9048	430
9049	73
9050	6533
9051	1596
9052	4233
9053	3653
9054	1971
9055	4602
9056	1796
9057	5
9058	1463
9059	1594
9060	915
9061	171
9062	3343
9063	8647
9064	4018
9065	398
9066	749
9067	4064
9068	1526
9069	5128
9070	2524
9071	1177
9072	4747
9073	5412
9074	783
9075	5223
9076	3748
9077	4632
9078	5128
9079	1
9080	4178
9081	893
9082	1234
9083	4480
9084	95
9085	317
9086	2791
9087	387
9088	7652
9089	4915
9090	615
9091	12
9092	2861
9093	2385
9094	7362
9095	1279
9096	2273
9097	7737
9098	6441
9099	6759
9100	2337
9101	6782
9102	6661
9103	1072
9104	682
9105	72
9106	0
9107	9
9108	2212
9109	30
9110	12
9111	5644
9112	973
9113	25
9114	1552
9115	7790
9116	1004
9117	6389
9118	44
9119	205
9120	3303
9121	1698
9122	996
9123	6002
9124	420
9125	8426
9126	4317
9127	114
9128	1493
9129	5377
9130	3852
9131	39
9132	8535
9133	2844
9134	1309
9135	7669
9136	6659
9137	805
9138	373
9139	2985
9140	5534
9141	8637
9142	7604
9143	5423
9144	802
9145	3430
9146	2547
9147	595
9148	5310
9149	123
9150	243
9151	1577
9152	1470
9153	4648
9154	949
9155	2101
9156	2698
9157	291
9158	7764
9159	3049
9160	532
9161	3347
9162	1660
9163	31
9164	81
9165	3071
9166	3254
9167	469
9168	5360
9169	1774
9170	7575
9171	3725
9172	5229
9173	1524
9174	897
9175	0
9176	9048
9177	401
9178	56
9179	2244
9180	816
9181	3335
9182	870
9183	15
9184	3973
9185	1689
9186	66
9187	4919
9188	5763
9189	758
9190	8596
9191	2057
9192	3955
9193	128
9194	6256
9195	651
9196	8279
9197	3318
9198	108
9199	7061
9200	8177
9201	2309
9202	3743
9203	1581
9204	798
9205	338
9206	6161
9207	9178
9208	2107
9209	5361
9210	577
9211	834
9212	1601
9213	78
9214	1482
9215	1491
9216	1186
9217	8615
9218	1510
9219	343
9220	695
9221	8994
9222	2464
9223	6592
9224	5466
9225	8690
9226	42
9227	290
9228	5762
9229	4767
9230	130
9231	1291
9232	5558
9233	4407
9234	7736
9235	4607
9236	15
9237	8366
9238	4025
9239	6752
9240	6019
9241	734
9242	3331
9243	4355
9244	133
9245	3973
9246	0
9247	4619
9248	7395
9249	7166
9250	2896
9251	1624
9252	12
9253	9149
9254	1308
9255	5432
9256	4504
9257	0
9258	1360
9259	90
9260	1056
9261	7696
9262	5658
9263	3811
9264	1098
9265	5535
9266	277
9267	6387
9268	5041
9269	1036
9270	4097
9271	1435
9272	8926
9273	3646
9274	4207
9275	3122
9276	1416
9277	0
9278	32
9279	6159
9280	248
9281	811
9282	11
9283	51
9284	0
9285	3458
9286	356
9287	4965
9288	5335
9289	7117
9290	6652
9291	3515
9292	28
9293	1560
9294	470
9295	4973
9296	5591
9297	508
9298	2542
9299	2160
9300	4558
9301	5007
9302	5612
9303	0
9304	2377
9305	3591
9306	43
9307	9241
9308	1705
9309	6645
9310	5152
9311	9094
9312	4871
9313	37
9314	820
9315	2947
9316	693
9317	1967
9318	7631
9319	62
9320	421
9321	1366
9322	507
9323	4233
9324	7189
9325	4017
9326	1106
9327	8290
9328	7189
9329	6669
9330	3568
9331	5658
9332	381
9333	6159
9334	1029
9335	3657
9336	6167
9337	290
9338	3797
9339	15
9340	4889
9341	4633
9342	3115
9343	1137
9344	3279
9345	4972
9346	978
9347	6777
9348	604
9349	3440
9350	476
9351	4
9352	205
9353	4389
9354	4526
9355	3766
9356	375
9357	186
9358	8683
9359	56
9360	905
9361	3121
9362	6276
9363	2455
9364	8353
9365	1
9366	121
9367	1875
9368	7398
9369	977
9370	0
9371	430
9372	3761
9373	2828
9374	845
9375	3756
9376	4885
9377	3258
9378	3757
9379	3881
9380	1023
9381	1328
9382	4384
9383	4289
9384	4291
9385	4600
9386	721
9387	629
9388	7084
9389	612
9390	6901
9391	4651
9392	615
9393	4981
9394	6458
9395	4231
9396	7501
9397	3366
9398	6154
9399	1501
9400	174
9401	2733
9402	7361
9403	825
9404	1163
9405	4
9406	5775
9407	793
9408	1060
9409	3196
9410	3882
9411	828
9412	325
9413	3967
9414	65
9415	1776
9416	2209
9417	3346
9418	825
9419	4
9420	5568
9421	431
9422	81
9423	5501
9424	2262
9425	5969
9426	2966
9427	6213
9428	1617
9429	1203
9430	1552
9431	6302
9432	148
9433	8784
9434	2194
9435	972
9436	40
9437	7162
9438	5
9439	2379
9440	2625
9441	3687
9442	3528
9443	8517
9444	5569
9445	2819
9446	3323
9447	4256
9448	1386
9449	3411
9450	548
9451	4
9452	1179
9453	8416
9454	2752
9455	5
9456	7865
9457	152
9458	8684
9459	8772
9460	7881
9461	8536
9462	448
9463	5560
9464	4038
9465	42
9466	3951
9467	3740
9468	1070
9469	346
9470	2821
9471	3304
9472	1034
9473	3974
9474	7022
9475	2213
9476	7664
9477	2347
9478	0
9479	6
9480	0
9481	42
9482	4848
9483	2275
9484	47
9485	3786
9486	264
9487	160
9488	3793
9489	492
9490	568
9491	2787
9492	447
9493	3126
9494	631
9495	8150
9496	5225
9497	456
9498	2511
9499	5956
9500	1201
9501	5646
9502	525
9503	2133
9504	271
9505	6869
9506	296
9507	235
9508	3257
9509	4181
9510	8524
9511	878
9512	1040
9513	14
9514	29
9515	575
9516	6775
9517	1387
9518	3207
9519	620
9520	125
9521	9484
9522	93
9523	1793
9524	5386
9525	239
9526	2745
9527	148
9528	448
9529	0
9530	1726
9531	3255
9532	2683
9533	154
9534	7774
9535	1238
9536	6967
9537	2385
9538	56
9539	424
9540	3132
9541	2186
9542	733
9543	4827
9544	4
9545	25
9546	2756
9547	217
9548	1755
9549	6
9550	112
9551	476
9552	6845
9553	6039
9554	150
9555	268
9556	1122
9557	879
9558	1633
9559	2346
9560	1557
9561	3238
9562	275
9563	1995
9564	3793
9565	4861
9566	12
9567	4889
9568	123
9569	3369
9570	3535
9571	453
9572	1687
9573	2255
9574	6387
9575	7290
9576	3005
9577	248
9578	1981
9579	7696
9580	2133
9581	1008
9582	575
9583	693
9584	7121
9585	5638
9586	2595
9587	2497
9588	8588
9589	1038
9590	6140
9591	8689
9592	646
9593	4912
9594	4
9595	154
9596	636
9597	1619
9598	9008
9599	1685
9600	8740
9601	6884
9602	7534
9603	6834
9604	2602
9605	1919
9606	2639
9607	158
9608	6632
9609	153
9610	497
9611	4265
9612	381
9613	4915
9614	1292
9615	5349
9616	2677
9617	4455
9618	2833
9619	14
9620	4862
9621	2529
9622	408
9623	548
9624	105
9625	7540
9626	56
9627	1572
9628	2193
9629	1238
9630	448
9631	133
9632	1165
9633	1595
9634	4898
9635	3468
9636	2046
9637	1142
9638	3750
9639	4637
9640	3281
9641	8454
9642	9467
9643	982
9644	0
9645	181
9646	1603
9647	1224
9648	3005
9649	1682
9650	1365
9651	4122
9652	8767
9653	472
9654	2194
9655	3258
9656	2319
9657	1552
9658	2159
9659	555
9660	7215
9661	32
9662	1339
9663	8099
9664	2743
9665	6835
9666	52
9667	1735
9668	3325
9669	3476
9670	3888
9671	8499
9672	2194
9673	8504
9674	1604
9675	71
9676	4721
9677	3133
9678	388
9679	4343
9680	3311
9681	640
9682	1365
9683	766
9684	562
9685	443
9686	693
9687	1463
9688	3879
9689	3879
9690	48
9691	124
9692	4935
9693	0
9694	7398
9695	2441
9696	2286
9697	640
9698	2
9699	9364
9700	133
9701	617
9702	5649
9703	9616
9704	1070
9705	1060
9706	1947
9707	2666
9708	7700
9709	10
9710	3682
9711	4213
9712	1193
9713	1841
9714	8186
9715	174
9716	1537
9717	6498
9718	3667
9719	5940
9720	43
9721	2
9722	225
9723	2169
9724	690
9725	9263
9726	4445
9727	6848
9728	4901
9729	31
9730	3295
9731	3245
9732	4924
9733	2788
9734	575
9735	0
9736	5225
9737	5618
9738	121
9739	4116
9740	1838
9741	3061
9742	86
9743	4974
9744	825
9745	1548
9746	8320
9747	5125
9748	5300
9749	6424
9750	1904
9751	463
9752	8254
9753	26
9754	5017
9755	8149
9756	2326
9757	513
9758	3787
9759	2765
9760	3940
9761	554
9762	2201
9763	12
9764	3893
9765	62
9766	894
9767	4354
9768	7271
9769	1899
9770	468
9771	268
9772	1559
9773	288
9774	9621
9775	1768
9776	6328
9777	4222
9778	4514
9779	3059
9780	3661
9781	2847
9782	8721
9783	26
9784	8692
9785	1165
9786	9003
9787	497
9788	3598
9789	8126
9790	6174
9791	2583
9792	205
9793	8506
9794	9728
9795	381
9796	1868
9797	444
9798	6425
9799	4203
9800	1423
9801	60
9802	6563
9803	583
9804	4
9805	7957
9806	8732
9807	2452
9808	6648
9809	190
9810	3443
9811	4922
9812	1
9813	5782
9814	1983
9815	456
9816	4496
9817	2777
9818	3237
9819	761
9820	845
9821	1454
9822	8418
9823	546
9824	3223
9825	373
9826	6296
9827	4358
9828	8
9829	998
9830	2067
9831	3601
9832	12
9833	4213
9834	597
9835	447
9836	2371
9837	8198
9838	4913
9839	730
9840	2255
9841	3343
9842	8689
9843	5063
9844	4344
9845	5583
9846	1136
9847	6698
9848	703
9849	3000
9850	78
9851	601
9852	796
9853	6
9854	25
9855	1493
9856	1342
9857	2925
9858	469
9859	41
9860	4883
9861	313
9862	7112
9863	2344
9864	2505
9865	6019
9866	49
9867	2017
9868	8391
9869	881
9870	6643
9871	1491
9872	4981
9873	157
9874	1928
9875	2280
9876	681
9877	933
9878	6066
9879	3243
9880	6098
9881	5
9882	5912
9883	98
9884	533
9885	487
9886	4158
9887	1577
9888	1008
9889	5869
9890	6531
9891	2662
9892	7711
9893	50
9894	6113
9895	453
9896	6980
9897	3728
9898	3299
9899	67
9900	4641
9901	9053
9902	5296
9903	4395
9904	8321
9905	2026
9906	2711
9907	4518
9908	7201
9909	2865
9910	5561
9911	6487
9912	15
9913	4104
9914	2912
9915	4922
9916	949
9917	3178
9918	4652
9919	25
9920	0
9921	4283
9922	3634
9923	7894
9924	3120
9925	266
9926	4803
9927	9188
9928	5598
9929	5392
9930	9758
9931	212
9932	4929
9933	633
9934	3457
9935	5554
9936	5748
9937	7023
9938	0
9939	690
9940	4862
9941	3034
9942	9505
9943	4309
9944	9443
9945	313
9946	5522
9947	1030
9948	620
9949	8109
9950	6343
9951	99
9952	2517
9953	3930
9954	3033
9955	1038
9956	3222
9957	4322
9958	4159
9959	2569
9960	50
9961	183
9962	4836
9963	2548
9964	881
9965	15
9966	983
9967	8175
9968	1607
9969	3429
9970	2
9971	268
9972	5376
9973	163
9974	1390
9975	1519
9976	4242
9977	1134
9978	693
9979	1897
9980	160
9981	8746
9982	3387
9983	4477
9984	254
9985	91
9986	6033
9987	604
9988	488
9989	9681
9990	6
9991	3952
9992	806
9993	960
9994	32
9995	3655
9996	2520
9997	2102
9998	7215
9999	3564
