13
0, 7, (458)
1, 7, (443)
2, 7, (443,  458)
3, 8, (458)
4, 8, (458)
5, 8, (458)
6, 8, (458)
7, 8, (443)
8, 8, (458)
9, 8, (458)
10, 8, (458)
11, 8, (458)
12, 8, (443)
13, 8, (458)
14, 8, (458)
15, 8, (458)
16, 8, (443)
17, 9, (458)
18, 8, (443,  458)
19, 8, (443)
20, 8, (443,  458)
21, 8, (443)
22, 8, (458)
23, 8, (443,  458)
24, 8, (458)
25, 9, (443)
26, 8, (458)
27, 8, (458)
28, 9, (458)
29, 9, (458)
30, 8, (458)
31, 9, (458)
32, 8, (458)
33, 8, (443)
34, 8, (458)
35, 9, (458)
36, 8, (443,  458)
37, 10, (458)
38, 9, (443,  458)
39, 8, (443)
40, 10, (458)
41, 8, (443)
42, 9, (443,  458)
43, 9, (443)
44, 8, (458)
45, 9, (458)
46, 8, (443)
47, 8, (458)
48, 8, (458)
49, 9, (458)
50, 8, (458)
51, 8, (443)
52, 8, (458)
53, 9, (443,  458)
54, 9, (458)
55, 9, (443)
56, 8, (458)
57, 8, (458)
58, 9, (443,  458)
59, 8, (443)
60, 9, (458)
61, 8, (443,  458)
62, 8, (443)
63, 8, (443)
64, 9, (458)
65, 10, (443,  458)
66, 8, (458)
67, 10, (443)
68, 8, (443)
69, 8, (458)
70, 8, (458)
71, 9, (458)
72, 8, (443,  458)
73, 9, (458)
74, 8, (443)
75, 9, (458)
76, 8, (443)
77, 8, (458)
78, 8, (443)
79, 9, (458)
80, 9, (458)
81, 9, (458)
82, 8, (443)
83, 9, (458)
84, 8, (443)
85, 8, (443)
86, 8, (443)
87, 8, (443)
88, 8, (443,  458)
89, 8, (458)
90, 9, (443)
91, 10, (443,  458)
92, 9, (458)
93, 9, (443)
94, 9, (458)
95, 9, (443)
96, 9, (443)
97, 10, (458)
98, 8, (458)
99, 8, (458)
100, 9, (443)
101, 8, (458)
102, 10, (458)
103, 10, (458)
104, 9, (443,  458)
105, 9, (443)
106, 10, (458)
107, 10, (443)
108, 9, (458)
109, 9, (443)
110, 9, (458)
111, 9, (443)
112, 10, (443,  458)
113, 9, (458)
114, 10, (458)
115, 8, (458)
116, 9, (458)
117, 8, (443,  458)
118, 8, (443)
119, 10, (458)
120, 9, (443)
121, 9, (458)
122, 10, (458)
123, 9, (458)
124, 8, (443,  458)
125, 9, (443)
126, 9, (458)
127, 10, (443)
128, 10, (443)
129, 10, (458)
130, 9, (458)
131, 8, (443,  458)
132, 10, (443,  458)
133, 9, (443)
134, 9, (458)
135, 11, (458)
136, 10, (458)
137, 10, (443)
138, 9, (458)
139, 8, (443)
140, 10, (443)
141, 8, (443)
142, 8, (443)
143, 8, (443)
144, 9, (458)
145, 9, (458)
146, 8, (458)
147, 10, (458)
148, 9, (458)
149, 9, (458)
150, 8, (458)
151, 8, (458)
152, 10, (443)
153, 11, (458)
154, 11, (458)
155, 8, (443)
156, 9, (458)
157, 10, (443)
158, 10, (443)
159, 9, (458)
160, 8, (443,  458)
161, 8, (443)
162, 9, (443,  458)
163, 9, (443,  458)
164, 11, (458)
165, 10, (443)
166, 9, (458)
167, 8, (458)
168, 9, (443)
169, 9, (443)
170, 11, (458)
171, 9, (458)
172, 8, (443)
173, 9, (458)
174, 9, (443,  458)
175, 9, (458)
176, 11, (458)
177, 9, (458)
178, 9, (443,  458)
179, 9, (458)
180, 9, (443)
181, 10, (458)
182, 9, (458)
183, 9, (443,  458)
184, 9, (458)
185, 10, (458)
186, 9, (458)
187, 10, (458)
188, 9, (458)
189, 8, (458)
190, 9, (443)
191, 8, (458)
192, 8, (458)
193, 9, (458)
194, 11, (443)
195, 9, (458)
196, 9, (458)
197, 9, (443)
198, 9, (458)
199, 9, (458)
200, 10, (458)
201, 10, (443)
202, 10, (443)
203, 8, (443)
204, 11, (443)
205, 8, (443,  458)
206, 9, (458)
207, 10, (443)
208, 8, (458)
209, 10, (458)
210, 9, (443)
211, 11, (458)
212, 8, (458)
213, 9, (458)
214, 9, (458)
215, 9, (443)
216, 12, (443)
217, 9, (458)
218, 9, (458)
219, 10, (443)
220, 8, (458)
221, 8, (458)
222, 8, (458)
223, 9, (443,  458)
224, 9, (443)
225, 9, (458)
226, 10, (443)
227, 9, (458)
228, 9, (458)
229, 9, (443)
230, 8, (458)
231, 8, (443)
232, 11, (443)
233, 8, (458)
234, 9, (458)
235, 9, (443)
236, 8, (458)
237, 9, (443)
238, 9, (458)
239, 12, (458)
240, 8, (458)
241, 10, (458)
242, 10, (458)
243, 10, (458)
244, 9, (443)
245, 9, (458)
246, 9, (443)
247, 10, (458)
248, 11, (443,  458)
249, 8, (458)
250, 8, (443)
251, 9, (443,  458)
252, 10, (443,  458)
253, 11, (458)
254, 9, (443)
255, 8, (443,  458)
256, 9, (443)
257, 9, (443)
258, 8, (458)
259, 10, (458)
260, 10, (458)
261, 9, (458)
262, 8, (458)
263, 10, (443,  458)
264, 9, (443)
265, 11, (458)
266, 10, (458)
267, 8, (443)
268, 10, (443)
269, 8, (443)
270, 11, (458)
271, 9, (458)
272, 10, (458)
273, 10, (458)
274, 12, (458)
275, 9, (443)
276, 8, (458)
277, 9, (443)
278, 8, (443)
279, 9, (443,  458)
280, 9, (443)
281, 9, (458)
282, 10, (458)
283, 10, (458)
284, 9, (443,  458)
285, 9, (458)
286, 9, (443,  458)
287, 9, (443)
288, 8, (443)
289, 9, (458)
290, 10, (443)
291, 8, (458)
292, 9, (443)
293, 9, (458)
294, 9, (443)
295, 10, (443)
296, 8, (443)
297, 10, (443)
298, 9, (458)
299, 8, (458)
300, 11, (458)
301, 10, (443)
302, 9, (458)
303, 10, (443)
304, 9, (458)
305, 9, (443)
306, 10, (458)
307, 9, (443)
308, 9, (443,  458)
309, 8, (458)
310, 10, (458)
311, 9, (458)
312, 11, (458)
313, 10, (458)
314, 10, (443)
315, 9, (443)
316, 8, (458)
317, 8, (443)
318, 10, (443)
319, 8, (458)
320, 9, (443)
321, 9, (458)
322, 10, (443)
323, 9, (443)
324, 10, (458)
325, 10, (458)
326, 11, (458)
327, 10, (458)
328, 10, (443,  458)
329, 8, (443,  458)
330, 8, (443)
331, 12, (458)
332, 9, (443)
333, 11, (458)
334, 9, (443)
335, 11, (443)
336, 9, (443,  458)
337, 10, (458)
338, 10, (458)
339, 8, (458)
340, 10, (458)
341, 12, (443)
342, 9, (458)
343, 9, (458)
344, 10, (458)
345, 11, (443)
346, 10, (458)
347, 9, (443)
348, 10, (443)
349, 11, (458)
350, 10, (443)
351, 10, (443)
352, 10, (443)
353, 8, (443)
354, 10, (443,  458)
355, 12, (458)
356, 9, (443)
357, 11, (458)
358, 12, (458)
359, 10, (443)
360, 11, (458)
361, 10, (458)
362, 9, (443)
363, 11, (443,  458)
364, 10, (458)
365, 10, (458)
366, 8, (458)
367, 8, (458)
368, 10, (443)
369, 9, (458)
370, 8, (458)
371, 8, (458)
372, 11, (458)
373, 11, (458)
374, 9, (443)
375, 9, (443)
376, 8, (458)
377, 9, (458)
378, 9, (443)
379, 8, (458)
380, 10, (458)
381, 10, (458)
382, 9, (458)
383, 9, (443)
384, 9, (443)
385, 10, (458)
386, 11, (458)
387, 8, (458)
388, 8, (458)
389, 9, (458)
390, 9, (443)
391, 9, (443,  458)
392, 12, (458)
393, 10, (458)
394, 9, (443)
395, 10, (458)
396, 9, (458)
397, 9, (458)
398, 8, (443,  458)
399, 11, (443)
400, 8, (443,  458)
401, 10, (458)
402, 9, (458)
403, 9, (458)
404, 11, (458)
405, 10, (458)
406, 8, (458)
407, 11, (458)
408, 9, (458)
409, 8, (443)
410, 11, (458)
411, 8, (458)
412, 10, (443,  458)
413, 9, (458)
414, 10, (458)
415, 10, (458)
416, 11, (458)
417, 9, (458)
418, 9, (443)
419, 11, (443)
420, 10, (443)
421, 9, (443,  458)
422, 11, (443)
423, 9, (458)
424, 9, (458)
425, 9, (458)
426, 9, (458)
427, 11, (458)
428, 8, (458)
429, 8, (458)
430, 9, (443,  458)
431, 9, (458)
432, 9, (458)
433, 9, (458)
434, 11, (443,  458)
435, 9, (443)
436, 8, (458)
437, 8, (443)
438, 11, (443)
439, 8, (443)
440, 9, (443)
441, 8, (443,  458)
442, 11, (443)
443, 13, (458)
444, 9, (443)
445, 9, (458)
446, 10, (458)
447, 10, (443)
448, 10, (458)
449, 10, (443)
450, 9, (443)
451, 11, (458)
452, 11, (443)
453, 10, (458)
454, 11, (443)
455, 11, (443)
456, 10, (458)
457, 8, (458)
458, 13, (443)
459, 10, (443)
460, 8, (443,  458)
461, 10, (458)
462, 9, (443)
463, 9, (443)
464, 10, (443)
465, 9, (443)
466, 9, (443)
467, 8, (443)
468, 10, (443)
469, 9, (443)
470, 11, (443)
471, 8, (458)
472, 10, (443)
473, 11, (458)
474, 10, (443)
475, 8, (443)
476, 9, (458)
477, 9, (443)
478, 8, (443,  458)
479, 8, (458)
480, 9, (458)
481, 9, (443,  458)
482, 11, (443)
483, 9, (458)
484, 11, (458)
485, 10, (458)
486, 9, (443)
487, 8, (443,  458)
488, 9, (458)
489, 9, (458)
490, 9, (458)
491, 11, (458)
492, 10, (458)
493, 11, (443)
494, 9, (458)
495, 12, (458)
496, 11, (443)
497, 11, (443,  458)
498, 12, (443,  458)
499, 10, (458)
