10000
0	1
0	2
1	2
3	0
4	0
5	0
6	1
7	1
8	1
9	1
10	3
11	1
12	0
13	2
14	3
15	7
16	7
17	3
18	1
19	4
20	8
21	3
22	9
23	2
24	1
25	12
26	1
27	1
28	0
29	9
30	14
31	22
32	0
33	19
34	7
35	4
36	7
37	28
38	9
39	22
40	31
41	32
42	11
43	1
44	11
45	2
46	12
47	32
48	3
49	0
50	10
51	3
52	7
53	31
54	1
55	8
56	13
57	22
58	1
59	0
60	13
61	1
62	19
63	26
64	0
65	18
66	30
67	24
68	7
69	2
70	49
71	37
72	35
73	61
74	28
75	0
76	47
77	44
78	2
79	54
80	14
81	11
82	48
83	22
84	17
85	35
86	55
87	0
88	44
89	19
90	82
91	55
92	14
93	54
94	68
95	5
96	56
97	74
98	61
99	31
100	88
101	41
102	18
103	51
104	88
105	50
106	30
107	6
108	30
109	30
110	86
111	18
112	7
113	2
114	24
115	7
116	7
117	1
118	1
119	32
120	63
121	62
122	45
123	0
124	115
125	2
126	7
127	43
128	66
129	2
130	54
131	123
132	1
133	54
134	19
135	2
136	74
137	1
138	67
139	55
140	7
141	44
142	86
143	76
144	110
145	1
146	116
147	4
148	4
149	56
150	0
151	60
152	84
153	82
154	4
155	119
156	117
157	134
158	142
159	37
160	82
161	56
162	44
163	64
164	66
165	43
166	4
167	65
168	1
169	13
170	115
171	115
172	21
173	45
174	7
175	55
176	1
177	169
178	51
179	34
180	6
181	3
182	77
183	133
184	64
185	1
186	24
187	1
188	24
189	152
190	65
191	6
192	2
193	13
194	7
195	7
196	156
197	156
198	88
199	156
200	43
201	186
202	1
203	7
204	18
205	31
206	0
207	156
208	27
209	126
210	9
211	199
212	49
213	1
214	86
215	205
216	82
217	35
218	18
219	56
220	13
221	24
222	153
223	18
224	127
225	148
226	47
227	114
228	3
229	202
230	147
231	60
232	9
233	17
234	18
235	76
236	22
237	4
238	82
239	11
240	144
241	197
242	3
243	7
244	3
245	34
246	24
247	3
248	37
249	17
250	3
251	169
252	134
253	20
254	7
255	101
256	2
257	235
258	251
259	33
260	156
261	74
262	86
263	197
264	139
265	18
266	29
267	88
268	239
269	18
270	239
271	187
272	121
273	0
274	101
275	1
276	125
277	11
278	77
279	18
280	4
281	188
282	41
283	210
284	88
285	50
286	13
287	202
288	13
289	134
290	7
291	123
292	63
293	12
294	86
295	13
296	172
297	1
298	71
299	152
300	200
301	277
302	78
303	31
304	53
305	291
306	29
307	66
308	148
309	72
310	66
311	1
312	168
313	5
314	73
315	141
316	88
317	13
318	112
319	134
320	6
321	30
322	199
323	129
324	103
325	143
326	88
327	44
328	251
329	4
330	187
331	189
332	50
333	216
334	36
335	7
336	181
337	9
338	1
339	3
340	43
341	64
342	197
343	86
344	18
345	182
346	123
347	127
348	46
349	74
350	56
351	229
352	6
353	286
354	207
355	3
356	74
357	63
358	86
359	280
360	1
361	202
362	99
363	18
364	50
365	74
366	239
367	88
368	28
369	18
370	262
371	190
372	10
373	277
374	303
375	181
376	7
377	125
378	7
379	251
380	55
381	172
382	4
383	239
384	0
385	9
386	11
387	322
388	339
389	136
390	293
391	115
392	187
393	17
394	88
395	267
396	366
397	271
398	74
399	226
400	53
401	1
402	17
403	4
404	202
405	142
406	322
407	74
408	0
409	219
410	322
411	271
412	116
413	55
414	36
415	0
416	165
417	121
418	246
419	7
420	1
421	188
422	109
423	18
424	56
425	33
426	67
427	197
428	44
429	325
430	144
431	168
432	7
433	372
434	89
435	123
436	86
437	48
438	121
439	261
440	86
441	72
442	271
443	2
444	31
445	271
446	24
447	67
448	295
449	394
450	317
451	49
452	13
453	66
454	67
455	104
456	13
457	341
458	4
459	103
460	99
461	9
462	49
463	56
464	116
465	4
466	240
467	248
468	74
469	9
470	41
471	364
472	291
473	246
474	149
475	1
476	22
477	429
478	0
479	293
480	271
481	219
482	10
483	13
484	126
485	22
486	9
487	318
488	304
489	261
490	481
491	62
492	277
493	143
494	295
495	94
496	82
497	54
498	202
499	486
500	3
501	2
502	0
503	1
504	46
505	2
506	129
507	22
508	187
509	7
510	43
511	340
512	407
513	13
514	7
515	56
516	309
517	235
518	0
519	56
520	94
521	148
522	21
523	329
524	463
525	180
526	12
527	220
528	13
529	291
530	523
531	43
532	236
533	0
534	73
535	9
536	1
537	6
538	159
539	53
540	193
541	309
542	242
543	367
544	1
545	19
546	60
547	286
548	515
549	400
550	146
551	116
552	324
553	488
554	43
555	86
556	530
557	22
558	319
559	41
560	494
561	2
562	172
563	64
564	121
565	29
566	55
567	55
568	20
569	18
570	75
571	386
572	49
573	62
574	136
575	0
576	28
577	191
578	401
579	332
580	175
581	293
582	24
583	150
584	49
585	2
586	380
587	18
588	50
589	6
590	50
591	305
592	230
593	12
594	562
595	449
596	302
597	38
598	536
599	552
600	318
601	394
602	120
603	30
604	238
605	486
606	463
607	139
608	3
609	258
610	545
611	174
612	49
613	450
614	397
615	202
616	471
617	100
618	7
619	333
620	31
621	419
622	69
623	56
624	13
625	567
626	168
627	60
628	19
629	393
630	381
631	22
632	76
633	346
634	484
635	82
636	116
637	30
638	538
639	18
640	235
641	50
642	343
643	271
644	377
645	271
646	297
647	10
648	109
649	54
650	279
651	195
652	421
653	488
654	103
655	566
656	84
657	7
658	422
659	472
660	0
661	17
662	31
663	318
664	373
665	44
666	492
667	9
668	545
669	652
670	169
671	385
672	117
673	517
674	453
675	116
676	621
677	30
678	218
679	1
680	277
681	66
682	577
683	564
684	125
685	592
686	50
687	642
688	577
689	66
690	650
691	9
692	49
693	148
694	299
695	61
696	79
697	3
698	187
699	545
700	413
701	366
702	74
703	654
704	67
705	200
706	31
707	115
708	254
709	302
710	346
711	43
712	115
713	100
714	370
715	110
716	64
717	261
718	22
719	56
720	460
721	1
722	76
723	463
724	233
725	404
726	46
727	535
728	367
729	458
730	553
731	605
732	552
733	214
734	696
735	83
736	187
737	66
738	24
739	95
740	63
741	523
742	261
743	1
744	432
745	49
746	0
747	202
748	450
749	262
750	373
751	90
752	727
753	530
754	43
755	181
756	560
757	332
758	242
759	363
760	258
761	420
762	202
763	38
764	13
765	507
766	187
767	172
768	295
769	27
770	67
771	357
772	588
773	367
774	95
775	50
776	136
777	736
778	62
779	332
780	111
781	7
782	7
783	204
784	563
785	35
786	145
787	693
788	293
789	64
790	221
791	486
792	7
793	404
794	356
795	225
796	101
797	12
798	73
799	162
800	611
801	36
802	26
803	0
804	236
805	28
806	115
807	666
808	13
809	397
810	523
811	9
812	534
813	60
814	109
815	577
816	143
817	602
818	259
819	465
820	810
821	1
822	65
823	48
824	445
825	293
826	227
827	127
828	726
829	65
830	335
831	77
832	0
833	9
834	7
835	596
836	644
837	166
838	51
839	424
840	515
841	115
842	751
843	122
844	255
845	139
846	429
847	265
848	34
849	840
850	69
851	761
852	839
853	172
854	187
855	362
856	0
857	78
858	355
859	90
860	452
861	545
862	328
863	434
864	3
865	694
866	239
867	718
868	254
869	638
870	33
871	768
872	730
873	7
874	168
875	19
876	452
877	3
878	623
879	193
880	30
881	160
882	18
883	277
884	381
885	28
886	470
887	149
888	123
889	84
890	75
891	497
892	720
893	468
894	13
895	588
896	202
897	115
898	876
899	35
900	109
901	130
902	188
903	102
904	248
905	260
906	463
907	4
908	340
909	452
910	822
911	260
912	80
913	797
914	225
915	435
916	242
917	367
918	86
919	505
920	216
921	69
922	688
923	552
924	754
925	550
926	355
927	826
928	652
929	9
930	506
931	563
932	1
933	441
934	876
935	717
936	179
937	46
938	63
939	655
940	72
941	620
942	364
943	524
944	197
945	196
946	62
947	118
948	125
949	562
950	615
951	241
952	488
953	850
954	439
955	940
956	743
957	293
958	30
959	24
960	34
961	30
962	33
963	876
964	117
965	351
966	956
967	586
968	55
969	187
970	953
971	102
972	205
973	84
974	102
975	35
976	99
977	611
978	27
979	1
980	30
981	45
982	246
983	51
984	472
985	340
986	897
987	217
988	82
989	513
990	556
991	202
992	429
993	850
994	13
995	213
996	719
997	148
998	2
999	212
1000	488
1001	2
1002	77
1003	393
1004	635
1005	373
1006	277
1007	9
1008	436
1009	345
1010	913
1011	721
1012	77
1013	44
1014	876
1015	114
1016	488
1017	309
1018	35
1019	77
1020	174
1021	60
1022	667
1023	50
1024	688
1025	41
1026	144
1027	835
1028	247
1029	239
1030	196
1031	558
1032	109
1033	277
1034	527
1035	31
1036	178
1037	9
1038	656
1039	515
1040	667
1041	43
1042	547
1043	62
1044	5
1045	956
1046	218
1047	450
1048	124
1049	3
1050	302
1051	44
1052	263
1053	797
1054	1
1055	607
1056	203
1057	3
1058	339
1059	13
1060	726
1061	293
1062	179
1063	48
1064	961
1065	18
1066	1
1067	726
1068	119
1069	934
1070	4
1071	82
1072	903
1073	9
1074	712
1075	278
1076	926
1077	199
1078	507
1079	139
1080	435
1081	922
1082	109
1083	49
1084	577
1085	112
1086	995
1087	874
1088	156
1089	240
1090	1040
1091	575
1092	460
1093	506
1094	202
1095	242
1096	148
1097	69
1098	139
1099	3
1100	523
1101	131
1102	699
1103	12
1104	127
1105	591
1106	168
1107	572
1108	340
1109	785
1110	912
1111	103
1112	126
1113	26
1114	3
1115	35
1116	202
1117	167
1118	360
1119	1015
1120	611
1121	50
1122	353
1123	1
1124	10
1125	88
1126	18
1127	878
1128	650
1129	1
1130	246
1131	53
1132	7
1133	842
1134	422
1135	207
1136	258
1137	1
1138	11
1139	420
1140	119
1141	950
1142	3
1143	523
1144	1
1145	349
1146	376
1147	364
1148	2
1149	187
1150	464
1151	3
1152	749
1153	715
1154	242
1155	1065
1156	491
1157	5
1158	108
1159	545
1160	1
1161	719
1162	1155
1163	712
1164	193
1165	120
1166	260
1167	631
1168	2
1169	212
1170	78
1171	609
1172	2
1173	356
1174	248
1175	6
1176	0
1177	688
1178	878
1179	95
1180	54
1181	13
1182	1
1183	199
1184	242
1185	151
1186	838
1187	219
1188	655
1189	43
1190	790
1191	54
1192	1094
1193	380
1194	1
1195	44
1196	67
1197	2
1198	650
1199	1075
1200	443
1201	963
1202	512
1203	116
1204	515
1205	760
1206	4
1207	841
1208	60
1209	576
1210	1031
1211	3
1212	835
1213	289
1214	682
1215	787
1216	524
1217	169
1218	194
1219	49
1220	429
1221	1125
1222	688
1223	463
1224	30
1225	293
1226	54
1227	309
1228	9
1229	552
1230	824
1231	953
1232	320
1233	460
1234	717
1235	7
1236	3
1237	240
1238	309
1239	187
1240	55
1241	148
1242	30
1243	842
1244	115
1245	346
1246	11
1247	247
1248	59
1249	54
1250	441
1251	1
1252	1043
1253	574
1254	118
1255	84
1256	142
1257	77
1258	84
1259	2
1260	486
1261	449
1262	1172
1263	1085
1264	291
1265	1
1266	2
1267	319
1268	22
1269	115
1270	1023
1271	172
1272	59
1273	941
1274	251
1275	731
1276	380
1277	826
1278	578
1279	955
1280	1095
1281	273
1282	486
1283	30
1284	133
1285	54
1286	67
1287	345
1288	753
1289	1092
1290	0
1291	492
1292	556
1293	933
1294	1030
1295	955
1296	394
1297	840
1298	474
1299	1288
1300	77
1301	462
1302	1080
1303	477
1304	1226
1305	55
1306	3
1307	4
1308	69
1309	838
1310	277
1311	869
1312	187
1313	59
1314	1101
1315	961
1316	460
1317	273
1318	1193
1319	914
1320	322
1321	797
1322	984
1323	913
1324	0
1325	733
1326	1162
1327	18
1328	534
1329	60
1330	199
1331	160
1332	88
1333	393
1334	1089
1335	725
1336	156
1337	19
1338	278
1339	148
1340	335
1341	13
1342	43
1343	303
1344	1
1345	0
1346	1
1347	43
1348	1177
1349	116
1350	29
1351	480
1352	801
1353	563
1354	75
1355	120
1356	149
1357	0
1358	2
1359	1203
1360	0
1361	332
1362	251
1363	1256
1364	556
1365	159
1366	187
1367	696
1368	765
1369	151
1370	1266
1371	30
1372	1015
1373	297
1374	293
1375	1196
1376	10
1377	951
1378	67
1379	49
1380	945
1381	35
1382	305
1383	733
1384	355
1385	312
1386	1248
1387	9
1388	340
1389	577
1390	1168
1391	570
1392	1129
1393	19
1394	775
1395	939
1396	661
1397	1116
1398	18
1399	44
1400	18
1401	17
1402	1071
1403	117
1404	488
1405	50
1406	9
1407	1243
1408	1067
1409	969
1410	729
1411	84
1412	1220
1413	304
1414	362
1415	686
1416	758
1417	116
1418	169
1419	33
1420	1401
1421	199
1422	1067
1423	1
1424	5
1425	123
1426	142
1427	783
1428	1175
1429	2
1430	402
1431	1154
1432	55
1433	56
1434	1297
1435	49
1436	973
1437	588
1438	459
1439	1189
1440	435
1441	33
1442	940
1443	172
1444	109
1445	6
1446	214
1447	4
1448	148
1449	671
1450	424
1451	115
1452	657
1453	159
1454	902
1455	1414
1456	719
1457	1149
1458	1156
1459	1049
1460	22
1461	3
1462	447
1463	53
1464	1019
1465	607
1466	675
1467	4
1468	3
1469	402
1470	529
1471	340
1472	26
1473	101
1474	613
1475	1
1476	261
1477	111
1478	1444
1479	654
1480	399
1481	239
1482	193
1483	172
1484	747
1485	1356
1486	0
1487	309
1488	202
1489	1437
1490	116
1491	232
1492	929
1493	1238
1494	1058
1495	988
1496	113
1497	378
1498	486
1499	1301
1500	1156
1501	737
1502	276
1503	192
1504	921
1505	213
1506	969
1507	115
1508	4
1509	744
1510	230
1511	1230
1512	321
1513	1001
1514	1429
1515	109
1516	309
1517	577
1518	49
1519	271
1520	305
1521	293
1522	634
1523	43
1524	484
1525	48
1526	1286
1527	4
1528	4
1529	30
1530	293
1531	0
1532	1360
1533	512
1534	1059
1535	64
1536	37
1537	73
1538	486
1539	377
1540	434
1541	613
1542	505
1543	1270
1544	1024
1545	29
1546	0
1547	1180
1548	446
1549	541
1550	13
1551	1437
1552	1114
1553	1286
1554	552
1555	34
1556	1297
1557	13
1558	783
1559	1458
1560	859
1561	1527
1562	1130
1563	56
1564	1434
1565	10
1566	1463
1567	965
1568	367
1569	0
1570	2
1571	1406
1572	1527
1573	919
1574	267
1575	1327
1576	936
1577	148
1578	1329
1579	3
1580	12
1581	343
1582	1024
1583	1148
1584	718
1585	34
1586	121
1587	1
1588	460
1589	29
1590	588
1591	145
1592	1090
1593	329
1594	688
1595	876
1596	914
1597	469
1598	60
1599	1196
1600	4
1601	481
1602	1098
1603	179
1604	206
1605	317
1606	666
1607	1408
1608	12
1609	478
1610	127
1611	984
1612	246
1613	168
1614	667
1615	60
1616	436
1617	1208
1618	1459
1619	445
1620	521
1621	232
1622	527
1623	611
1624	666
1625	402
1626	450
1627	1612
1628	1167
1629	284
1630	562
1631	512
1632	1213
1633	72
1634	446
1635	74
1636	971
1637	452
1638	470
1639	24
1640	930
1641	202
1642	991
1643	30
1644	650
1645	178
1646	29
1647	940
1648	261
1649	1248
1650	611
1651	953
1652	523
1653	523
1654	1286
1655	12
1656	281
1657	1200
1658	1112
1659	619
1660	96
1661	577
1662	422
1663	1183
1664	53
1665	24
1666	49
1667	576
1668	699
1669	666
1670	47
1671	366
1672	142
1673	1069
1674	545
1675	1
1676	889
1677	100
1678	1094
1679	49
1680	787
1681	768
1682	255
1683	178
1684	523
1685	9
1686	380
1687	797
1688	219
1689	143
1690	1
1691	452
1692	1289
1693	588
1694	1431
1695	277
1696	54
1697	634
1698	1088
1699	367
1700	114
1701	7
1702	1203
1703	33
1704	1623
1705	261
1706	116
1707	424
1708	0
1709	50
1710	554
1711	108
1712	1688
1713	0
1714	1169
1715	498
1716	381
1717	378
1718	4
1719	394
1720	842
1721	9
1722	817
1723	33
1724	1119
1725	663
1726	72
1727	50
1728	5
1729	1138
1730	1261
1731	1306
1732	839
1733	1039
1734	1296
1735	318
1736	47
1737	795
1738	30
1739	168
1740	653
1741	931
1742	976
1743	187
1744	282
1745	1356
1746	1494
1747	729
1748	0
1749	712
1750	82
1751	717
1752	797
1753	1226
1754	175
1755	1646
1756	1393
1757	1172
1758	7
1759	49
1760	159
1761	309
1762	353
1763	125
1764	0
1765	624
1766	182
1767	17
1768	308
1769	1603
1770	814
1771	1388
1772	89
1773	1013
1774	1132
1775	798
1776	458
1777	63
1778	19
1779	663
1780	1
1781	650
1782	1076
1783	162
1784	5
1785	279
1786	95
1787	221
1788	18
1789	31
1790	624
1791	389
1792	317
1793	117
1794	1092
1795	220
1796	583
1797	1131
1798	1174
1799	1259
1800	108
1801	187
1802	275
1803	578
1804	213
1805	938
1806	571
1807	1212
1808	1
1809	1768
1810	984
1811	1441
1812	13
1813	233
1814	4
1815	77
1816	350
1817	954
1818	721
1819	1406
1820	5
1821	0
1822	856
1823	644
1824	13
1825	121
1826	835
1827	545
1828	1528
1829	663
1830	1557
1831	222
1832	213
1833	953
1834	17
1835	151
1836	151
1837	362
1838	604
1839	85
1840	382
1841	1
1842	730
1843	1213
1844	222
1845	1095
1846	86
1847	1299
1848	486
1849	48
1850	115
1851	155
1852	318
1853	24
1854	3
1855	1327
1856	1104
1857	562
1858	519
1859	1763
1860	1463
1861	1547
1862	853
1863	202
1864	280
1865	212
1866	1
1867	13
1868	253
1869	1327
1870	54
1871	512
1872	536
1873	613
1874	566
1875	160
1876	398
1877	1630
1878	1735
1879	1751
1880	460
1881	774
1882	402
1883	36
1884	842
1885	1169
1886	1793
1887	3
1888	685
1889	104
1890	151
1891	1484
1892	49
1893	878
1894	172
1895	44
1896	114
1897	136
1898	801
1899	1111
1900	277
1901	802
1902	1464
1903	232
1904	1038
1905	480
1906	652
1907	1578
1908	251
1909	511
1910	7
1911	72
1912	1
1913	1797
1914	392
1915	168
1916	939
1917	137
1918	9
1919	1185
1920	547
1921	1124
1922	3
1923	1359
1924	97
1925	1395
1926	166
1927	88
1928	783
1929	43
1930	420
1931	940
1932	9
1933	601
1934	1869
1935	459
1936	1335
1937	1425
1938	7
1939	1695
1940	833
1941	7
1942	4
1943	503
1944	1894
1945	213
1946	712
1947	220
1948	233
1949	1680
1950	621
1951	1885
1952	468
1953	1654
1954	1940
1955	429
1956	128
1957	241
1958	1
1959	183
1960	1
1961	38
1962	951
1963	1661
1964	26
1965	219
1966	293
1967	1130
1968	450
1969	297
1970	500
1971	919
1972	472
1973	893
1974	1533
1975	166
1976	50
1977	653
1978	896
1979	632
1980	1752
1981	1
1982	609
1983	321
1984	1735
1985	1059
1986	1091
1987	144
1988	1559
1989	1075
1990	562
1991	409
1992	119
1993	604
1994	1
1995	170
1996	567
1997	348
1998	233
1999	48
2000	1
2001	1684
2002	1055
2003	367
2004	240
2005	231
2006	1162
2007	84
2008	1571
2009	776
2010	192
2011	812
2012	1795
2013	1104
2014	610
2015	1379
2016	552
2017	309
2018	1215
2019	61
2020	1092
2021	115
2022	13
2023	1068
2024	156
2025	30
2026	859
2027	118
2028	1446
2029	124
2030	842
2031	119
2032	571
2033	1021
2034	13
2035	4
2036	1553
2037	240
2038	197
2039	249
2040	13
2041	656
2042	1640
2043	1929
2044	1816
2045	466
2046	572
2047	494
2048	631
2049	1468
2050	1011
2051	394
2052	463
2053	2
2054	1015
2055	534
2056	63
2057	2
2058	1245
2059	82
2060	44
2061	1765
2062	711
2063	320
2064	863
2065	1643
2066	1830
2067	1122
2068	1428
2069	167
2070	1442
2071	844
2072	1064
2073	1317
2074	1437
2075	1886
2076	475
2077	1299
2078	1935
2079	1479
2080	1754
2081	233
2082	1754
2083	18
2084	1982
2085	1493
2086	1290
2087	486
2088	634
2089	1322
2090	1289
2091	940
2092	89
2093	1207
2094	1984
2095	36
2096	1808
2097	286
2098	1049
2099	74
2100	55
2101	128
2102	1973
2103	353
2104	1459
2105	65
2106	115
2107	577
2108	2076
2109	16
2110	172
2111	1890
2112	1913
2113	776
2114	1039
2115	0
2116	8
2117	994
2118	0
2119	47
2120	197
2121	587
2122	1544
2123	976
2124	41
2125	1413
2126	589
2127	711
2128	1182
2129	804
2130	522
2131	172
2132	45
2133	771
2134	3
2135	1452
2136	424
2137	19
2138	170
2139	1733
2140	1058
2141	1153
2142	62
2143	1478
2144	1077
2145	31
2146	123
2147	893
2148	1885
2149	853
2150	88
2151	30
2152	322
2153	1656
2154	1334
2155	13
2156	62
2157	63
2158	1614
2159	202
2160	62
2161	1200
2162	1595
2163	574
2164	636
2165	260
2166	428
2167	963
2168	844
2169	109
2170	876
2171	1450
2172	168
2173	49
2174	742
2175	488
2176	971
2177	7
2178	13
2179	240
2180	137
2181	1763
2182	842
2183	545
2184	397
2185	0
2186	1682
2187	1177
2188	235
2189	1557
2190	338
2191	534
2192	26
2193	460
2194	889
2195	621
2196	168
2197	367
2198	1055
2199	1919
2200	76
2201	30
2202	27
2203	390
2204	1942
2205	148
2206	573
2207	153
2208	1915
2209	2078
2210	726
2211	235
2212	2009
2213	775
2214	119
2215	2
2216	881
2217	1
2218	889
2219	789
2220	212
2221	372
2222	1969
2223	1251
2224	217
2225	523
2226	1966
2227	202
2228	302
2229	203
2230	1489
2231	1111
2232	688
2233	577
2234	1931
2235	1459
2236	185
2237	116
2238	45
2239	335
2240	929
2241	381
2242	432
2243	595
2244	733
2245	118
2246	218
2247	850
2248	581
2249	2236
2250	1048
2251	624
2252	662
2253	77
2254	834
2255	4
2256	391
2257	1425
2258	776
2259	261
2260	489
2261	167
2262	1130
2263	1
2264	1
2265	1468
2266	551
2267	354
2268	2127
2269	1289
2270	7
2271	9
2272	1092
2273	103
2274	2181
2275	82
2276	159
2277	115
2278	376
2279	136
2280	512
2281	991
2282	2
2283	257
2284	172
2285	2
2286	1361
2287	745
2288	2051
2289	0
2290	18
2291	29
2292	271
2293	1651
2294	44
2295	1179
2296	1201
2297	3
2298	725
2299	11
2300	842
2301	1478
2302	290
2303	1
2304	492
2305	1442
2306	109
2307	146
2308	1567
2309	1056
2310	364
2311	32
2312	348
2313	20
2314	797
2315	295
2316	121
2317	2186
2318	529
2319	2121
2320	116
2321	343
2322	1342
2323	337
2324	69
2325	1
2326	62
2327	1049
2328	2153
2329	406
2330	148
2331	35
2332	516
2333	1565
2334	204
2335	1192
2336	225
2337	0
2338	130
2339	17
2340	7
2341	891
2342	349
2343	136
2344	1203
2345	64
2346	1347
2347	86
2348	3
2349	115
2350	530
2351	912
2352	1935
2353	1554
2354	22
2355	1428
2356	789
2357	2048
2358	237
2359	494
2360	1544
2361	620
2362	392
2363	1172
2364	1441
2365	44
2366	688
2367	1122
2368	621
2369	240
2370	2041
2371	726
2372	1296
2373	1091
2374	783
2375	212
2376	1826
2377	13
2378	1903
2379	1056
2380	197
2381	1847
2382	373
2383	116
2384	3
2385	268
2386	828
2387	12
2388	1
2389	699
2390	1
2391	852
2392	835
2393	18
2394	62
2395	2360
2396	705
2397	718
2398	1975
2399	1144
2400	368
2401	255
2402	556
2403	1
2404	278
2405	1835
2406	393
2407	90
2408	889
2409	522
2410	2131
2411	1
2412	469
2413	197
2414	1041
2415	3
2416	964
2417	1913
2418	86
2419	1161
2420	44
2421	929
2422	259
2423	266
2424	364
2425	2131
2426	49
2427	10
2428	124
2429	50
2430	27
2431	1486
2432	63
2433	1936
2434	230
2435	238
2436	1442
2437	881
2438	207
2439	917
2440	340
2441	808
2442	1067
2443	187
2444	1552
2445	397
2446	1571
2447	462
2448	116
2449	2347
2450	1442
2451	2111
2452	1375
2453	2335
2454	291
2455	826
2456	1116
2457	69
2458	548
2459	842
2460	56
2461	116
2462	1314
2463	2084
2464	279
2465	726
2466	95
2467	182
2468	1705
2469	677
2470	133
2471	554
2472	156
2473	2
2474	3
2475	1064
2476	144
2477	2110
2478	119
2479	1602
2480	72
2481	324
2482	1615
2483	0
2484	2092
2485	142
2486	278
2487	125
2488	2284
2489	421
2490	291
2491	893
2492	552
2493	20
2494	47
2495	13
2496	2076
2497	116
2498	742
2499	77
2500	17
2501	3
2502	856
2503	587
2504	39
2505	1231
2506	1283
2507	1669
2508	2126
2509	1
2510	1592
2511	824
2512	729
2513	172
2514	207
2515	4
2516	202
2517	59
2518	1650
2519	63
2520	419
2521	733
2522	168
2523	677
2524	2443
2525	1290
2526	178
2527	1360
2528	838
2529	954
2530	419
2531	638
2532	269
2533	1024
2534	1460
2535	1865
2536	2370
2537	3
2538	103
2539	44
2540	2
2541	1565
2542	599
2543	961
2544	428
2545	172
2546	2197
2547	1670
2548	1465
2549	1064
2550	13
2551	889
2552	221
2553	2521
2554	9
2555	225
2556	849
2557	4
2558	1980
2559	1478
2560	171
2561	67
2562	35
2563	961
2564	2206
2565	1242
2566	121
2567	367
2568	357
2569	1
2570	512
2571	1667
2572	2100
2573	1736
2574	27
2575	2315
2576	53
2577	1115
2578	196
2579	1464
2580	1119
2581	574
2582	43
2583	2412
2584	1502
2585	1926
2586	390
2587	78
2588	297
2589	48
2590	116
2591	179
2592	1772
2593	624
2594	166
2595	2431
2596	844
2597	2125
2598	638
2599	1150
2600	1800
2601	108
2602	22
2603	424
2604	5
2605	34
2606	1995
2607	1541
2608	234
2609	1781
2610	102
2611	6
2612	3
2613	2518
2614	1786
2615	148
2616	436
2617	117
2618	3
2619	875
2620	2511
2621	258
2622	213
2623	1
2624	678
2625	305
2626	197
2627	934
2628	1527
2629	242
2630	77
2631	613
2632	1643
2633	692
2634	556
2635	678
2636	338
2637	17
2638	2276
2639	380
2640	434
2641	2234
2642	798
2643	5
2644	9
2645	2002
2646	271
2647	41
2648	197
2649	1068
2650	2225
2651	1817
2652	565
2653	207
2654	385
2655	103
2656	1682
2657	1615
2658	732
2659	137
2660	133
2661	1954
2662	1923
2663	726
2664	869
2665	1866
2666	1190
2667	1455
2668	2619
2669	2505
2670	607
2671	1071
2672	340
2673	1166
2674	308
2675	635
2676	1737
2677	19
2678	2110
2679	1793
2680	1441
2681	84
2682	570
2683	2156
2684	373
2685	1532
2686	665
2687	2054
2688	354
2689	846
2690	3
2691	1595
2692	2378
2693	1779
2694	18
2695	2255
2696	394
2697	1131
2698	46
2699	12
2700	869
2701	515
2702	108
2703	194
2704	552
2705	168
2706	1314
2707	2075
2708	7
2709	2180
2710	19
2711	1287
2712	1542
2713	575
2714	1749
2715	421
2716	123
2717	512
2718	1195
2719	2105
2720	409
2721	271
2722	1059
2723	2030
2724	1434
2725	5
2726	168
2727	2221
2728	494
2729	1003
2730	1203
2731	696
2732	86
2733	523
2734	3
2735	84
2736	1
2737	2063
2738	2599
2739	710
2740	22
2741	238
2742	1317
2743	16
2744	2110
2745	297
2746	126
2747	125
2748	280
2749	1474
2750	290
2751	661
2752	2140
2753	409
2754	1327
2755	2180
2756	1970
2757	1815
2758	1121
2759	168
2760	2126
2761	362
2762	2
2763	1352
2764	0
2765	1075
2766	434
2767	564
2768	2070
2769	761
2770	1010
2771	1935
2772	238
2773	84
2774	72
2775	69
2776	3
2777	187
2778	2706
2779	1102
2780	194
2781	335
2782	9
2783	14
2784	12
2785	1697
2786	720
2787	1813
2788	2138
2789	29
2790	1224
2791	1225
2792	291
2793	1502
2794	2552
2795	409
2796	2326
2797	1387
2798	1106
2799	419
2800	1846
2801	0
2802	7
2803	638
2804	29
2805	345
2806	785
2807	2797
2808	414
2809	2413
2810	1055
2811	2799
2812	564
2813	3
2814	293
2815	364
2816	2125
2817	1445
2818	1808
2819	2607
2820	281
2821	808
2822	7
2823	134
2824	730
2825	30
2826	1
2827	120
2828	44
2829	2312
2830	1618
2831	976
2832	1669
2833	3
2834	2079
2835	1763
2836	434
2837	133
2838	10
2839	4
2840	179
2841	1946
2842	2102
2843	653
2844	2631
2845	964
2846	1886
2847	611
2848	30
2849	1379
2850	63
2851	845
2852	424
2853	984
2854	605
2855	488
2856	2442
2857	2511
2858	601
2859	2637
2860	238
2861	346
2862	25
2863	1070
2864	116
2865	1524
2866	156
2867	1895
2868	31
2869	1347
2870	816
2871	0
2872	3
2873	254
2874	791
2875	1786
2876	258
2877	1045
2878	2767
2879	1348
2880	697
2881	1317
2882	117
2883	494
2884	1438
2885	26
2886	545
2887	2753
2888	2612
2889	571
2890	2625
2891	2056
2892	1757
2893	2100
2894	496
2895	127
2896	202
2897	218
2898	576
2899	1975
2900	4
2901	56
2902	628
2903	49
2904	24
2905	2617
2906	393
2907	1006
2908	380
2909	3
2910	1058
2911	1428
2912	1291
2913	1
2914	72
2915	2115
2916	393
2917	428
2918	271
2919	1191
2920	1
2921	937
2922	471
2923	760
2924	729
2925	408
2926	75
2927	38
2928	1130
2929	996
2930	1431
2931	318
2932	143
2933	2272
2934	1221
2935	1752
2936	715
2937	655
2938	266
2939	2092
2940	932
2941	1676
2942	156
2943	2265
2944	156
2945	2588
2946	808
2947	1203
2948	712
2949	43
2950	42
2951	2940
2952	2732
2953	2432
2954	1354
2955	135
2956	2935
2957	690
2958	1330
2959	2295
2960	2604
2961	271
2962	7
2963	2031
2964	2056
2965	969
2966	119
2967	69
2968	90
2969	14
2970	2834
2971	1185
2972	277
2973	203
2974	22
2975	1502
2976	1167
2977	1188
2978	1125
2979	2036
2980	1665
2981	356
2982	2452
2983	2871
2984	380
2985	2228
2986	1
2987	2087
2988	460
2989	309
2990	1191
2991	1223
2992	706
2993	2538
2994	634
2995	538
2996	1289
2997	1
2998	318
2999	77
3000	2878
3001	1504
3002	846
3003	430
3004	373
3005	69
3006	13
3007	547
3008	2809
3009	78
3010	269
3011	69
3012	2854
3013	142
3014	135
3015	908
3016	1188
3017	595
3018	1719
3019	588
3020	402
3021	2008
3022	2882
3023	1127
3024	3
3025	12
3026	949
3027	376
3028	1540
3029	18
3030	1226
3031	2199
3032	992
3033	85
3034	168
3035	530
3036	2386
3037	1844
3038	1286
3039	647
3040	1895
3041	1110
3042	1843
3043	554
3044	240
3045	364
3046	587
3047	1356
3048	1067
3049	1
3050	3016
3051	2194
3052	551
3053	13
3054	12
3055	297
3056	415
3057	319
3058	2792
3059	2100
3060	50
3061	30
3062	2060
3063	1401
3064	1588
3065	470
3066	529
3067	595
3068	69
3069	2935
3070	369
3071	2569
3072	743
3073	291
3074	984
3075	1707
3076	2273
3077	2061
3078	2407
3079	1046
3080	441
3081	562
3082	9
3083	2839
3084	549
3085	277
3086	118
3087	1156
3088	1953
3089	2
3090	82
3091	2799
3092	35
3093	2467
3094	2485
3095	1403
3096	1
3097	1474
3098	12
3099	389
3100	2007
3101	267
3102	22
3103	202
3104	1646
3105	566
3106	136
3107	1101
3108	1980
3109	2959
3110	914
3111	1452
3112	1334
3113	1700
3114	2909
3115	2732
3116	923
3117	1232
3118	1053
3119	842
3120	46
3121	488
3122	13
3123	841
3124	1027
3125	116
3126	86
3127	28
3128	2991
3129	1827
3130	1436
3131	1001
3132	1196
3133	958
3134	26
3135	1987
3136	1092
3137	1792
3138	1737
3139	799
3140	22
3141	1353
3142	686
3143	235
3144	562
3145	92
3146	295
3147	258
3148	1091
3149	473
3150	449
3151	7
3152	1
3153	1284
3154	538
3155	992
3156	719
3157	364
3158	66
3159	1850
3160	13
3161	3044
3162	74
3163	1898
3164	2801
3165	48
3166	346
3167	394
3168	50
3169	2235
3170	2133
3171	1115
3172	2286
3173	771
3174	1468
3175	2257
3176	1880
3177	24
3178	1070
3179	155
3180	2060
3181	319
3182	684
3183	2696
3184	375
3185	0
3186	2508
3187	1270
3188	1063
3189	245
3190	2101
3191	3
3192	612
3193	749
3194	36
3195	340
3196	571
3197	1429
3198	1131
3199	0
3200	1080
3201	2544
3202	2118
3203	22
3204	3190
3205	2450
3206	19
3207	1379
3208	1271
3209	667
3210	67
3211	1460
3212	688
3213	1752
3214	869
3215	349
3216	18
3217	16
3218	63
3219	2141
3220	242
3221	2
3222	66
3223	732
3224	364
3225	1508
3226	1697
3227	2334
3228	1632
3229	1010
3230	685
3231	1
3232	45
3233	716
3234	11
3235	1127
3236	2659
3237	3051
3238	212
3239	3
3240	612
3241	370
3242	1
3243	18
3244	17
3245	1816
3246	2846
3247	115
3248	56
3249	9
3250	340
3251	35
3252	43
3253	394
3254	136
3255	291
3256	552
3257	2283
3258	1672
3259	2276
3260	55
3261	170
3262	2036
3263	838
3264	4
3265	170
3266	67
3267	1779
3268	190
3269	2513
3270	1161
3271	3114
3272	56
3273	144
3274	54
3275	3099
3276	1
3277	2275
3278	3035
3279	3069
3280	1461
3281	1296
3282	2997
3283	606
3284	3
3285	730
3286	713
3287	1935
3288	33
3289	1
3290	195
3291	1707
3292	2649
3293	719
3294	69
3295	545
3296	254
3297	3203
3298	1108
3299	1
3300	1892
3301	366
3302	1820
3303	345
3304	3066
3305	7
3306	29
3307	2935
3308	1203
3309	616
3310	1314
3311	2647
3312	597
3313	2113
3314	329
3315	2265
3316	1693
3317	628
3318	1680
3319	64
3320	1722
3321	160
3322	116
3323	135
3324	2659
3325	2923
3326	1935
3327	456
3328	935
3329	874
3330	1127
3331	1186
3332	343
3333	2
3334	1852
3335	2064
3336	187
3337	535
3338	1571
3339	1317
3340	2643
3341	172
3342	991
3343	240
3344	1941
3345	492
3346	874
3347	552
3348	9
3349	2757
3350	195
3351	968
3352	2271
3353	2181
3354	29
3355	623
3356	2459
3357	611
3358	27
3359	346
3360	522
3361	899
3362	461
3363	156
3364	1188
3365	571
3366	2923
3367	512
3368	859
3369	313
3370	923
3371	968
3372	667
3373	2108
3374	67
3375	2782
3376	371
3377	1219
3378	345
3379	463
3380	197
3381	2444
3382	2341
3383	3051
3384	92
3385	82
3386	130
3387	2553
3388	2794
3389	2333
3390	2236
3391	376
3392	393
3393	522
3394	2672
3395	1479
3396	1127
3397	1059
3398	589
3399	0
3400	845
3401	1850
3402	667
3403	636
3404	1817
3405	2533
3406	3
3407	41
3408	290
3409	277
3410	2077
3411	11
3412	3162
3413	628
3414	1781
3415	121
3416	551
3417	3
3418	36
3419	1683
3420	3300
3421	3
3422	46
3423	836
3424	2393
3425	3090
3426	523
3427	1144
3428	1693
3429	139
3430	835
3431	2027
3432	2557
3433	3024
3434	764
3435	1953
3436	421
3437	2032
3438	50
3439	650
3440	2574
3441	6
3442	134
3443	2070
3444	494
3445	2220
3446	47
3447	9
3448	3322
3449	394
3450	1270
3451	1675
3452	2870
3453	43
3454	522
3455	3245
3456	463
3457	3180
3458	981
3459	238
3460	46
3461	7
3462	2495
3463	14
3464	116
3465	838
3466	2564
3467	11
3468	2649
3469	1207
3470	635
3471	167
3472	627
3473	249
3474	343
3475	20
3476	2334
3477	116
3478	2061
3479	2094
3480	106
3481	891
3482	3383
3483	1
3484	1
3485	187
3486	318
3487	1130
3488	536
3489	1848
3490	878
3491	1682
3492	987
3493	64
3494	606
3495	2827
3496	28
3497	43
3498	1764
3499	18
3500	3331
3501	1410
3502	3376
3503	2156
3504	986
3505	523
3506	121
3507	3171
3508	1801
3509	2443
3510	563
3511	3101
3512	3016
3513	1779
3514	1074
3515	2425
3516	2745
3517	2574
3518	284
3519	2060
3520	246
3521	840
3522	450
3523	145
3524	733
3525	2162
3526	303
3527	3273
3528	29
3529	2002
3530	3283
3531	26
3532	1951
3533	1286
3534	1781
3535	1941
3536	43
3537	2193
3538	11
3539	224
3540	1659
3541	2959
3542	17
3543	1267
3544	2443
3545	0
3546	7
3547	3117
3548	1223
3549	50
3550	184
3551	1296
3552	309
3553	1966
3554	11
3555	874
3556	153
3557	2653
3558	1676
3559	2281
3560	85
3561	3201
3562	2071
3563	3303
3564	190
3565	1803
3566	1801
3567	48
3568	1772
3569	0
3570	684
3571	261
3572	2308
3573	2270
3574	2270
3575	1270
3576	148
3577	13
3578	682
3579	791
3580	214
3581	2036
3582	588
3583	796
3584	647
3585	193
3586	1963
3587	716
3588	144
3589	43
3590	1067
3591	373
3592	571
3593	1168
3594	7
3595	109
3596	438
3597	86
3598	1230
3599	3427
3600	179
3601	2926
3602	730
3603	50
3604	548
3605	792
3606	776
3607	1697
3608	3074
3609	1843
3610	1356
3611	1662
3612	1196
3613	2569
3614	3282
3615	1015
3616	3291
3617	38
3618	2108
3619	22
3620	1111
3621	88
3622	838
3623	5
3624	7
3625	3138
3626	554
3627	91
3628	69
3629	1616
3630	2841
3631	4
3632	557
3633	663
3634	2826
3635	1248
3636	74
3637	2538
3638	6
3639	284
3640	1642
3641	776
3642	24
3643	963
3644	1356
3645	261
3646	1749
3647	2617
3648	13
3649	118
3650	295
3651	479
3652	340
3653	63
3654	2332
3655	514
3656	467
3657	1556
3658	80
3659	3180
3660	835
3661	2071
3662	1920
3663	1132
3664	421
3665	3309
3666	616
3667	2084
3668	1693
3669	13
3670	2824
3671	2255
3672	84
3673	2511
3674	3133
3675	28
3676	2211
3677	26
3678	2576
3679	69
3680	2180
3681	73
3682	797
3683	2459
3684	146
3685	248
3686	174
3687	22
3688	197
3689	28
3690	1686
3691	1289
3692	1622
3693	12
3694	709
3695	3300
3696	2967
3697	1667
3698	1418
3699	3
3700	1
3701	2799
3702	993
3703	852
3704	2825
3705	53
3706	1708
3707	3177
3708	350
3709	695
3710	1104
3711	842
3712	3514
3713	31
3714	1644
3715	137
3716	810
3717	125
3718	2618
3719	376
3720	95
3721	1793
3722	2686
3723	19
3724	2315
3725	1786
3726	512
3727	491
3728	1435
3729	1139
3730	204
3731	1830
3732	31
3733	2831
3734	267
3735	54
3736	3660
3737	1962
3738	3623
3739	261
3740	811
3741	64
3742	1800
3743	3633
3744	224
3745	186
3746	1274
3747	280
3748	3734
3749	2505
3750	2030
3751	1008
3752	7
3753	4
3754	2289
3755	17
3756	19
3757	861
3758	2407
3759	1975
3760	271
3761	1159
3762	73
3763	2202
3764	1756
3765	2834
3766	1648
3767	673
3768	7
3769	43
3770	3176
3771	353
3772	1600
3773	1960
3774	14
3775	1285
3776	2188
3777	3369
3778	715
3779	302
3780	3267
3781	2223
3782	2792
3783	1466
3784	1464
3785	1763
3786	1885
3787	2203
3788	2016
3789	50
3790	378
3791	2923
3792	2007
3793	3656
3794	309
3795	372
3796	18
3797	1819
3798	875
3799	1749
3800	757
3801	3686
3802	277
3803	71
3804	571
3805	1648
3806	711
3807	7
3808	1945
3809	387
3810	56
3811	1066
3812	2962
3813	2179
3814	238
3815	3238
3816	3453
3817	954
3818	3472
3819	3503
3820	269
3821	100
3822	711
3823	29
3824	732
3825	170
3826	1617
3827	2195
3828	26
3829	1830
3830	277
3831	2237
3832	2923
3833	3676
3834	732
3835	1954
3836	842
3837	3308
3838	432
3839	1
3840	372
3841	3096
3842	366
3843	2546
3844	3276
3845	353
3846	414
3847	1779
3848	479
3849	1111
3850	675
3851	752
3852	735
3853	148
3854	168
3855	1115
3856	1437
3857	3542
3858	1464
3859	591
3860	2111
3861	591
3862	273
3863	517
3864	1314
3865	2780
3866	188
3867	2354
3868	3424
3869	1624
3870	193
3871	2495
3872	1341
3873	1348
3874	891
3875	69
3876	1731
3877	202
3878	2205
3879	842
3880	167
3881	44
3882	78
3883	3636
3884	611
3885	812
3886	2777
3887	908
3888	141
3889	2289
3890	1
3891	30
3892	2923
3893	1468
3894	2100
3895	3479
3896	1830
3897	2390
3898	108
3899	71
3900	1230
3901	554
3902	202
3903	2183
3904	1072
3905	1223
3906	1261
3907	919
3908	2799
3909	6
3910	471
3911	172
3912	1243
3913	548
3914	81
3915	577
3916	2528
3917	185
3918	626
3919	3061
3920	3099
3921	3773
3922	279
3923	2002
3924	3831
3925	2959
3926	2982
3927	1195
3928	3665
3929	1
3930	1932
3931	372
3932	16
3933	601
3934	1027
3935	1101
3936	2840
3937	2596
3938	971
3939	67
3940	139
3941	886
3942	557
3943	3784
3944	20
3945	258
3946	1630
3947	53
3948	1698
3949	24
3950	1269
3951	3307
3952	54
3953	2792
3954	650
3955	2318
3956	2631
3957	502
3958	18
3959	3941
3960	2883
3961	1001
3962	1920
3963	3725
3964	3584
3965	616
3966	3725
3967	409
3968	65
3969	964
3970	139
3971	1571
3972	414
3973	182
3974	3524
3975	506
3976	2337
3977	2797
3978	3413
3979	3350
3980	1059
3981	202
3982	54
3983	390
3984	3104
3985	56
3986	3651
3987	354
3988	2
3989	2903
3990	3138
3991	1918
3992	3519
3993	116
3994	2249
3995	876
3996	1
3997	2544
3998	554
3999	1680
4000	1058
4001	75
4002	493
4003	2562
4004	1127
4005	696
4006	1862
4007	485
4008	523
4009	319
4010	50
4011	3232
4012	285
4013	3
4014	1881
4015	667
4016	2801
4017	1953
4018	360
4019	172
4020	2041
4021	3094
4022	1851
4023	151
4024	72
4025	2192
4026	363
4027	2704
4028	1502
4029	995
4030	2153
4031	2836
4032	3300
4033	571
4034	1815
4035	1830
4036	1678
4037	3
4038	13
4039	956
4040	469
4041	494
4042	12
4043	2
4044	4
4045	392
4046	254
4047	2542
4048	56
4049	2855
4050	1905
4051	1332
4052	816
4053	48
4054	1
4055	4
4056	277
4057	1101
4058	2003
4059	484
4060	1354
4061	3370
4062	1516
4063	574
4064	18
4065	4
4066	1121
4067	2291
4068	1966
4069	1627
4070	64
4071	3481
4072	2892
4073	36
4074	963
4075	430
4076	581
4077	4
4078	196
4079	1267
4080	2315
4081	2105
4082	3367
4083	2293
4084	902
4085	3
4086	156
4087	14
4088	1015
4089	567
4090	1014
4091	60
4092	736
4093	54
4094	85
4095	33
4096	100
4097	1282
4098	212
4099	19
4100	757
4101	1217
4102	1137
4103	22
4104	875
4105	3773
4106	562
4107	3842
4108	29
4109	1935
4110	38
4111	1819
4112	302
4113	1224
4114	67
4115	1308
4116	0
4117	342
4118	19
4119	390
4120	293
4121	2780
4122	47
4123	1779
4124	3846
4125	3803
4126	3
4127	4119
4128	1406
4129	3553
4130	374
4131	2887
4132	1472
4133	2511
4134	297
4135	828
4136	3616
4137	1195
4138	1643
4139	2534
4140	3661
4141	3940
4142	838
4143	2084
4144	1737
4145	932
4146	588
4147	1003
4148	697
4149	1348
4150	7
4151	1305
4152	2623
4153	12
4154	3222
4155	305
4156	1
4157	984
4158	2328
4159	566
4160	11
4161	686
4162	712
4163	12
4164	955
4165	50
4166	2555
4167	1248
4168	45
4169	457
4170	778
4171	219
4172	441
4173	49
4174	2334
4175	545
4176	61
4177	1686
4178	1465
4179	3722
4180	89
4181	3203
4182	2062
4183	2589
4184	0
4185	2552
4186	789
4187	2979
4188	3421
4189	84
4190	260
4191	935
4192	77
4193	220
4194	1948
4195	2997
4196	3
4197	559
4198	1671
4199	1330
4200	4091
4201	433
4202	29
4203	1058
4204	3
4205	2522
4206	31
4207	3603
4208	2317
4209	2478
4210	24
4211	761
4212	650
4213	833
4214	3876
4215	293
4216	2761
4217	26
4218	914
4219	2524
4220	521
4221	3002
4222	1518
4223	486
4224	936
4225	574
4226	3685
4227	77
4228	802
4229	191
4230	552
4231	3251
4232	2
4233	231
4234	478
4235	949
4236	838
4237	3131
4238	3138
4239	547
4240	3544
4241	1841
4242	624
4243	4075
4244	1637
4245	1085
4246	261
4247	575
4248	1659
4249	1793
4250	3701
4251	712
4252	114
4253	3418
4254	3807
4255	4
4256	103
4257	3444
4258	213
4259	1808
4260	832
4261	1777
4262	29
4263	377
4264	1439
4265	22
4266	2638
4267	394
4268	1068
4269	2372
4270	1704
4271	84
4272	1246
4273	3723
4274	3399
4275	521
4276	261
4277	697
4278	2539
4279	53
4280	667
4281	1337
4282	195
4283	98
4284	9
4285	2196
4286	50
4287	3719
4288	179
4289	260
4290	7
4291	38
4292	1786
4293	2003
4294	31
4295	554
4296	1281
4297	1800
4298	3811
4299	711
4300	67
4301	340
4302	274
4303	523
4304	43
4305	186
4306	1800
4307	1175
4308	968
4309	2972
4310	2648
4311	293
4312	724
4313	4
4314	4171
4315	3422
4316	3514
4317	1283
4318	480
4319	2824
4320	2070
4321	2
4322	3736
4323	4263
4324	961
4325	4297
4326	29
4327	1982
4328	3767
4329	486
4330	141
4331	730
4332	481
4333	1541
4334	2443
4335	3888
4336	225
4337	2598
4338	3308
4339	3573
4340	1121
4341	1168
4342	3774
4343	397
4344	18
4345	897
4346	354
4347	4
4348	1092
4349	132
4350	4
4351	477
4352	1618
4353	1735
4354	248
4355	74
4356	2550
4357	1401
4358	139
4359	69
4360	652
4361	1153
4362	562
4363	1463
4364	12
4365	1172
4366	367
4367	82
4368	119
4369	66
4370	2278
4371	170
4372	805
4373	2732
4374	367
4375	122
4376	902
4377	1617
4378	494
4379	103
4380	856
4381	1131
4382	3389
4383	397
4384	10
4385	3
4386	645
4387	12
4388	1
4389	474
4390	394
4391	13
4392	95
4393	732
4394	1733
4395	3483
4396	3151
4397	4199
4398	1499
4399	1981
4400	2545
4401	2611
4402	1332
4403	2071
4404	450
4405	4317
4406	2056
4407	2211
4408	1213
4409	1311
4410	2464
4411	1781
4412	2341
4413	4145
4414	133
4415	500
4416	0
4417	433
4418	1519
4419	433
4420	2157
4421	3835
4422	673
4423	1923
4424	53
4425	2801
4426	577
4427	2360
4428	1168
4429	1437
4430	733
4431	33
4432	4351
4433	2765
4434	1735
4435	550
4436	1059
4437	129
4438	82
4439	838
4440	319
4441	202
4442	134
4443	2706
4444	1582
4445	875
4446	1196
4447	304
4448	273
4449	1630
4450	229
4451	187
4452	1108
4453	1125
4454	75
4455	2612
4456	1617
4457	11
4458	1464
4459	961
4460	4007
4461	295
4462	583
4463	1447
4464	1763
4465	4101
4466	1830
4467	176
4468	1461
4469	2719
4470	4
4471	187
4472	4
4473	2615
4474	1
4475	2882
4476	3763
4477	950
4478	3442
4479	536
4480	302
4481	933
4482	2876
4483	291
4484	1112
4485	1314
4486	3777
4487	2429
4488	3895
4489	810
4490	53
4491	1285
4492	4324
4493	3283
4494	219
4495	1
4496	1459
4497	3
4498	490
4499	3567
4500	1554
4501	1898
4502	2
4503	1915
4504	421
4505	1401
4506	4457
4507	1567
4508	156
4509	1011
4510	305
4511	364
4512	1023
4513	612
4514	93
4515	64
4516	961
4517	1162
4518	1382
4519	1260
4520	1532
4521	2025
4522	382
4523	3474
4524	271
4525	782
4526	2075
4527	299
4528	1735
4529	638
4530	4466
4531	2905
4532	2770
4533	3339
4534	54
4535	3361
4536	66
4537	1801
4538	35
4539	304
4540	4426
4541	241
4542	122
4543	711
4544	29
4545	4209
4546	10
4547	2328
4548	231
4549	1
4550	536
4551	12
4552	1458
4553	2304
4554	2602
4555	733
4556	3
4557	382
4558	120
4559	178
4560	611
4561	313
4562	1925
4563	13
4564	436
4565	1980
4566	4111
4567	4060
4568	1425
4569	1631
4570	2522
4571	1226
4572	30
4573	233
4574	0
4575	152
4576	94
4577	1838
4578	167
4579	2070
4580	64
4581	666
4582	2158
4583	637
4584	139
4585	3472
4586	5
4587	730
4588	13
4589	332
4590	1904
4591	18
4592	1513
4593	26
4594	1693
4595	1114
4596	1773
4597	1274
4598	3683
4599	74
4600	1901
4601	908
4602	197
4603	3186
4604	430
4605	1360
4606	2360
4607	673
4608	1259
4609	486
4610	3094
4611	18
4612	33
4613	2119
4614	197
4615	115
4616	44
4617	18
4618	2216
4619	754
4620	318
4621	637
4622	200
4623	74
4624	35
4625	69
4626	3510
4627	4017
4628	3796
4629	369
4630	466
4631	486
4632	56
4633	2766
4634	5
4635	115
4636	188
4637	898
4638	4171
4639	406
4640	286
4641	2
4642	273
4643	1379
4644	2087
4645	630
4646	1557
4647	103
4648	621
4649	1
4650	1772
4651	2424
4652	403
4653	1524
4654	1138
4655	874
4656	404
4657	691
4658	1565
4659	838
4660	2360
4661	2379
4662	422
4663	282
4664	61
4665	353
4666	729
4667	1475
4668	3870
4669	1375
4670	1051
4671	184
4672	1973
4673	3914
4674	1302
4675	995
4676	2407
4677	3273
4678	2080
4679	4111
4680	390
4681	1
4682	792
4683	2343
4684	4
4685	3
4686	1940
4687	277
4688	1666
4689	2596
4690	3696
4691	1708
4692	219
4693	220
4694	2177
4695	163
4696	913
4697	2360
4698	139
4699	1841
4700	1305
4701	1330
4702	3
4703	182
4704	860
4705	4490
4706	3304
4707	1986
4708	4525
4709	3
4710	4478
4711	2429
4712	463
4713	3999
4714	199
4715	41
4716	3367
4717	1092
4718	1491
4719	4640
4720	2140
4721	484
4722	44
4723	143
4724	1786
4725	50
4726	1801
4727	245
4728	878
4729	3442
4730	749
4731	4044
4732	1216
4733	1768
4734	699
4735	3404
4736	2099
4737	1182
4738	781
4739	462
4740	153
4741	1266
4742	2862
4743	2752
4744	2
4745	2607
4746	812
4747	441
4748	2646
4749	2960
4750	11
4751	1521
4752	4123
4753	1997
4754	4143
4755	3595
4756	1914
4757	1406
4758	914
4759	1
4760	934
4761	62
4762	26
4763	121
4764	284
4765	3250
4766	936
4767	801
4768	1851
4769	3242
4770	950
4771	2301
4772	261
4773	1115
4774	4123
4775	1464
4776	2092
4777	114
4778	67
4779	1151
4780	3416
4781	2490
4782	633
4783	10
4784	1440
4785	688
4786	2441
4787	2684
4788	2235
4789	1830
4790	3472
4791	1830
4792	3399
4793	1363
4794	4647
4795	2972
4796	3472
4797	1931
4798	697
4799	302
4800	1159
4801	295
4802	564
4803	3547
4804	1941
4805	47
4806	1767
4807	1631
4808	492
4809	1212
4810	360
4811	2331
4812	14
4813	4769
4814	2054
4815	1
4816	3
4817	2780
4818	1720
4819	2998
4820	78
4821	35
4822	3618
4823	984
4824	893
4825	1162
4826	1696
4827	1215
4828	2434
4829	2332
4830	372
4831	4498
4832	2
4833	1379
4834	0
4835	523
4836	3608
4837	1935
4838	125
4839	1528
4840	1974
4841	5
4842	4322
4843	3008
4844	1786
4845	2180
4846	5
4847	621
4848	883
4849	3
4850	1078
4851	1851
4852	3824
4853	2999
4854	150
4855	2024
4856	4194
4857	293
4858	94
4859	364
4860	2574
4861	512
4862	745
4863	846
4864	2489
4865	4
4866	95
4867	964
4868	2574
4869	762
4870	3986
4871	523
4872	4018
4873	1314
4874	189
4875	3394
4876	1390
4877	1770
4878	1340
4879	562
4880	128
4881	2482
4882	255
4883	1528
4884	705
4885	819
4886	1023
4887	0
4888	1847
4889	3606
4890	43
4891	54
4892	1813
4893	910
4894	4780
4895	167
4896	2753
4897	199
4898	2489
4899	262
4900	1755
4901	1337
4902	251
4903	402
4904	669
4905	55
4906	2218
4907	571
4908	472
4909	1263
4910	2159
4911	2645
4912	729
4913	4903
4914	3578
4915	1452
4916	128
4917	2173
4918	717
4919	3256
4920	55
4921	917
4922	577
4923	2102
4924	50
4925	588
4926	248
4927	239
4928	4
4929	381
4930	2665
4931	577
4932	0
4933	4177
4934	459
4935	297
4936	4828
4937	484
4938	3006
4939	435
4940	1341
4941	560
4942	913
4943	205
4944	3508
4945	2356
4946	970
4947	3044
4948	13
4949	4550
4950	103
4951	82
4952	4404
4953	863
4954	4393
4955	3079
4956	1153
4957	2527
4958	2054
4959	367
4960	1534
4961	1291
4962	3907
4963	552
4964	224
4965	50
4966	908
4967	656
4968	29
4969	28
4970	2691
4971	353
4972	2076
4973	1
4974	4070
4975	1553
4976	1853
4977	3041
4978	682
4979	127
4980	1111
4981	214
4982	3661
4983	2334
4984	4931
4985	3049
4986	3633
4987	3160
4988	179
4989	3171
4990	240
4991	1129
4992	4163
4993	1667
4994	22
4995	519
4996	874
4997	237
4998	3162
4999	2434
5000	3591
5001	1562
5002	4044
5003	43
5004	44
5005	2556
5006	261
5007	4775
5008	162
5009	4725
5010	2430
5011	1052
5012	22
5013	1226
5014	3294
5015	2012
5016	2334
5017	143
5018	1195
5019	6
5020	233
5021	523
5022	571
5023	4964
5024	3
5025	3907
5026	22
5027	886
5028	4595
5029	1577
5030	2491
5031	3041
5032	842
5033	574
5034	185
5035	460
5036	2245
5037	4280
5038	2542
5039	3397
5040	664
5041	100
5042	2208
5043	55
5044	3939
5045	1693
5046	1658
5047	34
5048	4206
5049	2463
5050	4175
5051	1590
5052	43
5053	1321
5054	1923
5055	105
5056	3709
5057	3930
5058	2637
5059	56
5060	116
5061	2366
5062	1567
5063	1425
5064	4297
5065	74
5066	3688
5067	309
5068	4378
5069	27
5070	3651
5071	842
5072	123
5073	24
5074	0
5075	3533
5076	340
5077	711
5078	717
5079	4752
5080	3162
5081	897
5082	121
5083	1059
5084	721
5085	332
5086	4777
5087	912
5088	399
5089	46
5090	2407
5091	18
5092	3422
5093	587
5094	1045
5095	1425
5096	4239
5097	271
5098	366
5099	776
5100	131
5101	4478
5102	44
5103	2054
5104	4
5105	792
5106	628
5107	1672
5108	2522
5109	4555
5110	1290
5111	2766
5112	2247
5113	261
5114	756
5115	2172
5116	3547
5117	1240
5118	1121
5119	53
5120	2143
5121	84
5122	1136
5123	2069
5124	55
5125	3136
5126	3
5127	1429
5128	2792
5129	338
5130	3397
5131	4007
5132	3117
5133	1834
5134	3700
5135	1670
5136	19
5137	2548
5138	4182
5139	329
5140	3141
5141	826
5142	23
5143	2249
5144	485
5145	1936
5146	245
5147	465
5148	150
5149	4560
5150	1260
5151	1547
5152	3512
5153	4400
5154	1447
5155	3730
5156	2076
5157	2569
5158	464
5159	4931
5160	826
5161	4469
5162	112
5163	1837
5164	3182
5165	1630
5166	354
5167	22
5168	2783
5169	373
5170	18
5171	1
5172	9
5173	3301
5174	1270
5175	5135
5176	2363
5177	4979
5178	345
5179	2962
5180	5059
5181	3030
5182	3651
5183	949
5184	446
5185	4732
5186	3569
5187	2293
5188	1
5189	363
5190	1393
5191	3377
5192	2517
5193	2804
5194	2338
5195	1039
5196	1817
5197	5086
5198	1920
5199	1316
5200	2496
5201	3474
5202	2341
5203	995
5204	1101
5205	2366
5206	386
5207	1303
5208	5175
5209	1514
5210	2375
5211	631
5212	2
5213	2
5214	3
5215	4763
5216	1947
5217	2818
5218	1218
5219	3555
5220	562
5221	2050
5222	291
5223	148
5224	1159
5225	2102
5226	5160
5227	2425
5228	1524
5229	28
5230	863
5231	3128
5232	50
5233	1526
5234	143
5235	418
5236	231
5237	3754
5238	2034
5239	3968
5240	913
5241	3489
5242	10
5243	596
5244	254
5245	1528
5246	853
5247	913
5248	3051
5249	9
5250	235
5251	2944
5252	2063
5253	56
5254	357
5255	598
5256	3
5257	1939
5258	244
5259	5068
5260	3196
5261	4329
5262	3004
5263	3
5264	1819
5265	1584
5266	4713
5267	563
5268	2337
5269	3969
5270	167
5271	5080
5272	875
5273	851
5274	1153
5275	2337
5276	3005
5277	1314
5278	1491
5279	1707
5280	1290
5281	3241
5282	12
5283	903
5284	4058
5285	2818
5286	2172
5287	3857
5288	3380
5289	1354
5290	1267
5291	23
5292	1351
5293	59
5294	1144
5295	1819
5296	1698
5297	4882
5298	375
5299	1930
5300	53
5301	63
5302	3320
5303	17
5304	4733
5305	3780
5306	500
5307	2499
5308	1415
5309	1919
5310	11
5311	465
5312	688
5313	187
5314	299
5315	86
5316	187
5317	7
5318	2770
5319	33
5320	5040
5321	3075
5322	4074
5323	2622
5324	2397
5325	3139
5326	64
5327	156
5328	187
5329	123
5330	2136
5331	919
5332	357
5333	863
5334	9
5335	4044
5336	394
5337	24
5338	0
5339	12
5340	13
5341	31
5342	2617
5343	3
5344	0
5345	732
5346	5311
5347	1203
5348	4533
5349	4822
5350	556
5351	1161
5352	709
5353	961
5354	973
5355	3365
5356	2396
5357	2410
5358	44
5359	3624
5360	1638
5361	1843
5362	149
5363	2271
5364	523
5365	503
5366	3488
5367	319
5368	352
5369	1467
5370	4997
5371	2766
5372	231
5373	13
5374	4446
5375	3304
5376	5080
5377	3038
5378	2302
5379	711
5380	4027
5381	4274
5382	2187
5383	202
5384	3623
5385	520
5386	129
5387	2092
5388	2497
5389	261
5390	3
5391	732
5392	1749
5393	1559
5394	3538
5395	148
5396	4
5397	4489
5398	1698
5399	4613
5400	775
5401	0
5402	1067
5403	35
5404	404
5405	1067
5406	587
5407	656
5408	3236
5409	56
5410	2046
5411	1754
5412	406
5413	875
5414	187
5415	5
5416	2341
5417	2875
5418	2407
5419	329
5420	1232
5421	2443
5422	4018
5423	56
5424	135
5425	439
5426	55
5427	484
5428	577
5429	1336
5430	4892
5431	1629
5432	3293
5433	1642
5434	4599
5435	3665
5436	1330
5437	1125
5438	4
5439	69
5440	527
5441	2409
5442	5035
5443	1022
5444	1538
5445	538
5446	3659
5447	1327
5448	187
5449	34
5450	202
5451	3695
5452	3164
5453	1703
5454	2166
5455	30
5456	3084
5457	2859
5458	2317
5459	4872
5460	1337
5461	10
5462	1352
5463	2764
5464	637
5465	3490
5466	36
5467	3030
5468	324
5469	4869
5470	3485
5471	3298
5472	924
5473	2016
5474	488
5475	63
5476	3171
5477	19
5478	5301
5479	2920
5480	1830
5481	1019
5482	4510
5483	70
5484	22
5485	4956
5486	4481
5487	848
5488	499
5489	4919
5490	1001
5491	5340
5492	732
5493	1120
5494	2076
5495	1707
5496	552
5497	340
5498	5
5499	24
5500	3134
5501	3043
5502	4466
5503	291
5504	4094
5505	4441
5506	3876
5507	1544
5508	556
5509	4721
5510	364
5511	978
5512	1948
5513	217
5514	1937
5515	888
5516	48
5517	2282
5518	2020
5519	2315
5520	4919
5521	4
5522	74
5523	4116
5524	199
5525	2107
5526	4698
5527	161
5528	2841
5529	2197
5530	238
5531	238
5532	12
5533	291
5534	1801
5535	21
5536	3119
5537	1827
5538	655
5539	7
5540	4718
5541	4545
5542	322
5543	1048
5544	2001
5545	5027
5546	3075
5547	7
5548	230
5549	31
5550	174
5551	4142
5552	1726
5553	3910
5554	303
5555	50
5556	5406
5557	3940
5558	3094
5559	2036
5560	2285
5561	2278
5562	38
5563	4118
5564	4849
5565	88
5566	5209
5567	783
5568	1941
5569	1360
5570	1040
5571	1421
5572	202
5573	715
5574	103
5575	850
5576	340
5577	2378
5578	712
5579	2019
5580	562
5581	2936
5582	3584
5583	3734
5584	2034
5585	1283
5586	1527
5587	5006
5588	2265
5589	1849
5590	2971
5591	1701
5592	2544
5593	4143
5594	3803
5595	10
5596	2652
5597	89
5598	4123
5599	4640
5600	47
5601	3586
5602	4224
5603	111
5604	2179
5605	2719
5606	3
5607	267
5608	4336
5609	2100
5610	662
5611	2755
5612	75
5613	471
5614	953
5615	688
5616	1772
5617	5083
5618	4278
5619	1322
5620	1722
5621	4621
5622	146
5623	3870
5624	367
5625	3855
5626	2072
5627	435
5628	498
5629	277
5630	197
5631	1830
5632	2426
5633	5619
5634	2797
5635	4164
5636	443
5637	302
5638	604
5639	2521
5640	2
5641	1637
5642	2508
5643	397
5644	2413
5645	3734
5646	2
5647	115
5648	86
5649	2430
5650	2860
5651	1791
5652	715
5653	3090
5654	1493
5655	787
5656	3650
5657	2559
5658	363
5659	1063
5660	154
5661	4276
5662	1428
5663	611
5664	4033
5665	4457
5666	3
5667	139
5668	5080
5669	2372
5670	1931
5671	1656
5672	3927
5673	5489
5674	1316
5675	1795
5676	575
5677	5519
5678	515
5679	128
5680	0
5681	4947
5682	2070
5683	2705
5684	434
5685	5
5686	3896
5687	3774
5688	1375
5689	3222
5690	1922
5691	18
5692	722
5693	4732
5694	2162
5695	31
5696	4735
5697	4145
5698	2127
5699	3857
5700	2541
5701	3387
5702	36
5703	66
5704	3267
5705	76
5706	2342
5707	2854
5708	1767
5709	4009
5710	4619
5711	2187
5712	1329
5713	1952
5714	265
5715	3756
5716	22
5717	2245
5718	1248
5719	1223
5720	123
5721	110
5722	238
5723	109
5724	1446
5725	368
5726	3075
5727	4149
5728	1365
5729	2485
5730	1360
5731	1998
5732	3682
5733	20
5734	1079
5735	4372
5736	2100
5737	795
5738	5492
5739	4162
5740	2496
5741	4933
5742	1819
5743	5526
5744	697
5745	1270
5746	4965
5747	5230
5748	1160
5749	715
5750	202
5751	1421
5752	2936
5753	219
5754	571
5755	2375
5756	5564
5757	148
5758	152
5759	4278
5760	3234
5761	634
5762	3722
5763	2290
5764	56
5765	5713
5766	5247
5767	31
5768	4187
5769	26
5770	2443
5771	5098
5772	1805
5773	577
5774	1629
5775	5758
5776	3303
5777	1127
5778	1287
5779	364
5780	719
5781	4
5782	4519
5783	5138
5784	16
5785	1011
5786	2705
5787	1618
5788	103
5789	197
5790	1983
5791	1015
5792	2362
5793	4531
5794	12
5795	2837
5796	2070
5797	955
5798	1283
5799	3412
5800	316
5801	5403
5802	1085
5803	47
5804	3618
5805	4170
5806	5657
5807	1751
5808	5128
5809	1259
5810	2351
5811	1796
5812	1357
5813	1506
5814	210
5815	776
5816	5552
5817	1751
5818	763
5819	4250
5820	2341
5821	628
5822	3576
5823	632
5824	1772
5825	1337
5826	1379
5827	5464
5828	1935
5829	733
5830	131
5831	62
5832	50
5833	4007
5834	340
5835	544
5836	506
5837	50
5838	2366
5839	22
5840	3229
5841	3179
5842	4825
5843	240
5844	588
5845	4527
5846	18
5847	669
5848	2410
5849	1112
5850	1260
5851	919
5852	4053
5853	379
5854	2073
5855	1913
5856	545
5857	61
5858	2197
5859	1559
5860	4887
5861	4524
5862	2363
5863	5296
5864	26
5865	44
5866	1900
5867	1757
5868	4719
5869	1266
5870	2540
5871	4278
5872	26
5873	912
5874	1129
5875	3897
5876	286
5877	4485
5878	1966
5879	4879
5880	1768
5881	2280
5882	169
5883	351
5884	1103
5885	3054
5886	269
5887	1638
5888	121
5889	1393
5890	2395
5891	2191
5892	3
5893	4423
5894	5558
5895	87
5896	5152
5897	3266
5898	4787
5899	1248
5900	893
5901	1
5902	505
5903	5296
5904	48
5905	675
5906	515
5907	3224
5908	522
5909	28
5910	435
5911	73
5912	5190
5913	1088
5914	575
5915	289
5916	494
5917	1260
5918	4933
5919	3134
5920	37
5921	3792
5922	126
5923	2748
5924	3772
5925	740
5926	420
5927	2136
5928	98
5929	43
5930	459
5931	18
5932	69
5933	363
5934	562
5935	857
5936	3489
5937	3701
5938	3780
5939	3334
5940	3155
5941	4519
5942	35
5943	1317
5944	139
5945	2589
5946	393
5947	5526
5948	322
5949	4659
5950	116
5951	2300
5952	3573
5953	565
5954	187
5955	2854
5956	922
5957	878
5958	2
5959	3175
5960	32
5961	47
5962	4228
5963	308
5964	56
5965	4146
5966	12
5967	277
5968	1305
5969	520
5970	69
5971	4145
5972	1919
5973	2751
5974	4124
5975	47
5976	2997
5977	284
5978	19
5979	148
5980	919
5981	1356
5982	1630
5983	62
5984	2405
5985	5539
5986	3507
5987	445
5988	3913
5989	29
5990	115
5991	3
5992	4838
5993	1941
5994	601
5995	767
5996	2488
5997	4987
5998	143
5999	1931
6000	329
6001	4445
6002	2331
6003	608
6004	329
6005	1080
6006	4903
6007	291
6008	193
6009	786
6010	4994
6011	54
6012	1737
6013	1931
6014	2775
6015	2104
6016	1934
6017	2023
6018	43
6019	156
6020	207
6021	3876
6022	271
6023	341
6024	2
6025	1751
6026	56
6027	3876
6028	2141
6029	123
6030	4650
6031	262
6032	1988
6033	2075
6034	171
6035	520
6036	2728
6037	5197
6038	2
6039	240
6040	4372
6041	4910
6042	2526
6043	968
6044	3827
6045	2402
6046	1321
6047	245
6048	699
6049	291
6050	1428
6051	1706
6052	802
6053	1440
6054	671
6055	725
6056	1870
6057	650
6058	409
6059	4898
6060	3
6061	19
6062	4255
6063	4018
6064	577
6065	2013
6066	0
6067	22
6068	1215
6069	1977
6070	1453
6071	7
6072	67
6073	197
6074	3649
6075	17
6076	3
6077	5883
6078	3734
6079	269
6080	197
6081	2375
6082	4194
6083	934
6084	493
6085	29
6086	73
6087	2364
6088	3868
6089	586
6090	844
6091	3377
6092	4754
6093	9
6094	522
6095	4625
6096	712
6097	2859
6098	2839
6099	86
6100	4236
6101	3
6102	4239
6103	49
6104	1319
6105	2959
6106	523
6107	33
6108	4
6109	44
6110	486
6111	866
6112	2336
6113	2614
6114	43
6115	3936
6116	552
6117	1116
6118	288
6119	1547
6120	18
6121	5671
6122	2691
6123	1
6124	1223
6125	4074
6126	2693
6127	5942
6128	1872
6129	1338
6130	86
6131	255
6132	3510
6133	627
6134	1
6135	1203
6136	1207
6137	5528
6138	30
6139	93
6140	3884
6141	811
6142	5836
6143	933
6144	1414
6145	611
6146	1168
6147	2234
6148	376
6149	1504
6150	679
6151	979
6152	3051
6153	526
6154	271
6155	470
6156	2000
6157	3865
6158	3580
6159	4517
6160	4210
6161	3870
6162	4425
6163	3638
6164	1059
6165	5249
6166	2478
6167	11
6168	4616
6169	6
6170	4546
6171	22
6172	34
6173	3629
6174	4932
6175	2075
6176	294
6177	5635
6178	2935
6179	112
6180	862
6181	4725
6182	2436
6183	1408
6184	56
6185	2274
6186	0
6187	1935
6188	4780
6189	1995
6190	86
6191	1116
6192	4120
6193	49
6194	2315
6195	704
6196	5945
6197	966
6198	3977
6199	273
6200	155
6201	78
6202	219
6203	5740
6204	1198
6205	463
6206	385
6207	2454
6208	14
6209	4489
6210	2323
6211	730
6212	3489
6213	571
6214	367
6215	1050
6216	27
6217	553
6218	3703
6219	3464
6220	1686
6221	706
6222	465
6223	1827
6224	13
6225	3781
6226	1259
6227	1471
6228	291
6229	33
6230	879
6231	84
6232	776
6233	1650
6234	1630
6235	5500
6236	121
6237	1554
6238	1
6239	43
6240	282
6241	32
6242	1727
6243	2936
6244	19
6245	1297
6246	4609
6247	238
6248	1123
6249	7
6250	320
6251	4540
6252	1161
6253	1709
6254	2603
6255	0
6256	364
6257	4661
6258	2302
6259	1724
6260	2840
6261	2874
6262	136
6263	1637
6264	4755
6265	2821
6266	242
6267	875
6268	2825
6269	4740
6270	9
6271	5684
6272	49
6273	4210
6274	5133
6275	4581
6276	4295
6277	3930
6278	18
6279	5422
6280	136
6281	47
6282	3997
6283	1043
6284	191
6285	5162
6286	3026
6287	2443
6288	5391
6289	978
6290	3236
6291	2063
6292	763
6293	545
6294	5123
6295	1861
6296	4888
6297	3351
6298	767
6299	1886
6300	319
6301	80
6302	119
6303	5165
6304	3376
6305	4806
6306	678
6307	5311
6308	862
6309	1059
6310	1682
6311	1261
6312	3145
6313	1736
6314	718
6315	5964
6316	1926
6317	5791
6318	2747
6319	2831
6320	488
6321	3131
6322	1168
6323	4733
6324	4149
6325	3413
6326	6146
6327	309
6328	4124
6329	2956
6330	2063
6331	2182
6332	49
6333	171
6334	2301
6335	3222
6336	1393
6337	5
6338	2594
6339	13
6340	2192
6341	4853
6342	1437
6343	5179
6344	62
6345	1112
6346	3793
6347	5111
6348	5762
6349	47
6350	1692
6351	207
6352	19
6353	2019
6354	468
6355	494
6356	1688
6357	512
6358	43
6359	5451
6360	1330
6361	818
6362	2180
6363	197
6364	0
6365	17
6366	3726
6367	1070
6368	1776
6369	3030
6370	11
6371	5049
6372	24
6373	18
6374	75
6375	6271
6376	0
6377	3970
6378	3773
6379	27
6380	592
6381	817
6382	35
6383	94
6384	3397
6385	3335
6386	6280
6387	1978
6388	1
6389	2953
6390	3436
6391	322
6392	2282
6393	691
6394	1916
6395	1921
6396	5926
6397	1661
6398	552
6399	6235
6400	4015
6401	3398
6402	3041
6403	2956
6404	4455
6405	0
6406	364
6407	18
6408	3514
6409	1841
6410	37
6411	3079
6412	309
6413	5392
6414	5771
6415	13
6416	2806
6417	1881
6418	588
6419	6228
6420	842
6421	6384
6422	472
6423	1398
6424	829
6425	2291
6426	4003
6427	190
6428	168
6429	26
6430	3031
6431	390
6432	146
6433	2443
6434	3929
6435	496
6436	5887
6437	3629
6438	577
6439	6268
6440	5146
6441	921
6442	644
6443	463
6444	216
6445	441
6446	2153
6447	787
6448	3685
6449	168
6450	318
6451	1
6452	12
6453	4893
6454	2855
6455	126
6456	894
6457	242
6458	4626
6459	1839
6460	3254
6461	6273
6462	6279
6463	6306
6464	3016
6465	1
6466	13
6467	4492
6468	2106
6469	5692
6470	1676
6471	134
6472	5921
6473	2318
6474	853
6475	2699
6476	2478
6477	611
6478	5552
6479	1414
6480	754
6481	3261
6482	319
6483	3488
6484	48
6485	5000
6486	886
6487	6405
6488	149
6489	3051
6490	5383
6491	581
6492	6412
6493	1152
6494	4372
6495	3605
6496	114
6497	2177
6498	636
6499	312
6500	9
6501	1298
6502	402
6503	4383
6504	650
6505	2242
6506	3566
6507	24
6508	190
6509	277
6510	6
6511	286
6512	6217
6513	2453
6514	3254
6515	255
6516	265
6517	6325
6518	796
6519	547
6520	18
6521	74
6522	6372
6523	3451
6524	1120
6525	2
6526	86
6527	3359
6528	688
6529	734
6530	7
6531	1609
6532	6399
6533	481
6534	4182
6535	4407
6536	4903
6537	2986
6538	1907
6539	1
6540	621
6541	601
6542	9
6543	4
6544	6428
6545	293
6546	6285
6547	705
6548	1710
6549	744
6550	4882
6551	56
6552	88
6553	1461
6554	257
6555	73
6556	5983
6557	2334
6558	47
6559	389
6560	5366
6561	174
6562	3939
6563	4921
6564	78
6565	1340
6566	202
6567	4188
6568	168
6569	2033
6570	36
6571	512
6572	2817
6573	3
6574	86
6575	1361
6576	28
6577	355
6578	2115
6579	157
6580	92
6581	26
6582	41
6583	271
6584	4210
6585	392
6586	277
6587	84
6588	1931
6589	4921
6590	3994
6591	66
6592	5265
6593	6578
6594	1924
6595	265
6596	5113
6597	84
6598	2859
6599	18
6600	3910
6601	3815
6602	6032
6603	4995
6604	54
6605	2192
6606	3041
6607	20
6608	2300
6609	3508
6610	3182
6611	6299
6612	2167
6613	5872
6614	63
6615	1029
6616	4124
6617	69
6618	6040
6619	4124
6620	1
6621	699
6622	1427
6623	3940
6624	5339
6625	5889
6626	516
6627	3422
6628	817
6629	5363
6630	956
6631	17
6632	1683
6633	788
6634	4
6635	2727
6636	2619
6637	2062
6638	2660
6639	5190
6640	3155
6641	6040
6642	588
6643	2893
6644	4286
6645	6248
6646	4651
6647	5703
6648	4110
6649	1072
6650	6139
6651	4045
6652	3096
6653	389
6654	5564
6655	3054
6656	565
6657	601
6658	577
6659	87
6660	4506
6661	143
6662	1171
6663	538
6664	271
6665	4916
6666	4558
6667	4916
6668	2906
6669	116
6670	749
6671	3101
6672	2211
6673	6053
6674	6411
6675	1989
6676	202
6677	220
6678	194
6679	1
6680	4062
6681	17
6682	842
6683	2168
6684	4991
6685	1098
6686	3895
6687	207
6688	1626
6689	2272
6690	715
6691	1401
6692	1636
6693	1667
6694	4780
6695	2318
6696	3687
6697	571
6698	275
6699	2102
6700	6164
6701	4608
6702	1220
6703	4362
6704	428
6705	4224
6706	115
6707	1188
6708	84
6709	2963
6710	3345
6711	1745
6712	3274
6713	13
6714	182
6715	3777
6716	13
6717	44
6718	5703
6719	7
6720	472
6721	575
6722	3877
6723	3650
6724	4115
6725	6228
6726	1
6727	41
6728	18
6729	116
6730	3
6731	1
6732	1993
6733	5897
6734	575
6735	5
6736	2938
6737	1763
6738	53
6739	1515
6740	4423
6741	4856
6742	499
6743	1176
6744	9
6745	240
6746	1196
6747	3
6748	3459
6749	1439
6750	4
6751	1670
6752	364
6753	941
6754	445
6755	5833
6756	258
6757	2611
6758	161
6759	113
6760	861
6761	5392
6762	179
6763	634
6764	5101
6765	579
6766	55
6767	1398
6768	2118
6769	5140
6770	877
6771	6715
6772	1658
6773	3387
6774	82
6775	3310
6776	6536
6777	30
6778	591
6779	547
6780	1703
6781	76
6782	3170
6783	4327
6784	214
6785	6588
6786	3322
6787	1130
6788	2354
6789	4604
6790	6317
6791	2344
6792	1819
6793	3219
6794	5314
6795	159
6796	3264
6797	33
6798	4533
6799	3157
6800	131
6801	6111
6802	1796
6803	5182
6804	121
6805	245
6806	26
6807	5260
6808	4633
6809	5592
6810	5848
6811	134
6812	1080
6813	1391
6814	5394
6815	4123
6816	4020
6817	1198
6818	271
6819	3629
6820	2453
6821	5325
6822	1905
6823	2593
6824	1565
6825	5053
6826	6063
6827	5929
6828	5146
6829	1198
6830	839
6831	1332
6832	798
6833	2337
6834	3274
6835	1136
6836	4372
6837	7
6838	3106
6839	1111
6840	565
6841	1920
6842	1925
6843	24
6844	5883
6845	1795
6846	1200
6847	2637
6848	7
6849	1327
6850	122
6851	6037
6852	5247
6853	1978
6854	309
6855	5875
6856	1580
6857	636
6858	3815
6859	7
6860	4918
6861	5321
6862	2810
6863	172
6864	1266
6865	572
6866	1388
6867	1658
6868	73
6869	199
6870	1129
6871	63
6872	393
6873	4
6874	7
6875	3236
6876	516
6877	3256
6878	6728
6879	125
6880	55
6881	1919
6882	111
6883	191
6884	5630
6885	2364
6886	86
6887	1
6888	2753
6889	6854
6890	4780
6891	3135
6892	1636
6893	4154
6894	4540
6895	2728
6896	6350
6897	4
6898	109
6899	3012
6900	5697
6901	69
6902	4578
6903	346
6904	6610
6905	30
6906	3453
6907	2110
6908	587
6909	460
6910	859
6911	4
6912	6146
6913	75
6914	450
6915	226
6916	4567
6917	0
6918	367
6919	5468
6920	1959
6921	2277
6922	1074
6923	2078
6924	125
6925	3567
6926	4568
6927	3464
6928	2070
6929	3030
6930	385
6931	3139
6932	4200
6933	3350
6934	2032
6935	5906
6936	3880
6937	240
6938	1245
6939	202
6940	3620
6941	4057
6942	2700
6943	842
6944	37
6945	5841
6946	123
6947	386
6948	2615
6949	1091
6950	6680
6951	11
6952	1434
6953	261
6954	3907
6955	2618
6956	950
6957	12
6958	4
6959	3969
6960	1153
6961	13
6962	2060
6963	217
6964	6290
6965	7
6966	420
6967	2457
6968	1162
6969	773
6970	1063
6971	577
6972	7
6973	1998
6974	380
6975	6325
6976	5
6977	394
6978	318
6979	29
6980	1201
6981	54
6982	563
6983	545
6984	4838
6985	3380
6986	2434
6987	1555
6988	2187
6989	4856
6990	5437
6991	1910
6992	3392
6993	2874
6994	2036
6995	3004
6996	6769
6997	4188
6998	435
6999	2409
7000	1359
7001	1147
7002	29
7003	15
7004	255
7005	1
7006	6347
7007	234
7008	5564
7009	2325
7010	929
7011	41
7012	1127
7013	797
7014	3784
7015	4
7016	2906
7017	128
7018	2436
7019	1332
7020	2936
7021	2585
7022	3838
7023	3129
7024	6012
7025	2565
7026	3694
7027	1413
7028	5501
7029	1230
7030	6430
7031	706
7032	1723
7033	0
7034	2355
7035	1267
7036	109
7037	3647
7038	26
7039	6279
7040	204
7041	7
7042	398
7043	4699
7044	2921
7045	853
7046	2615
7047	969
7048	1144
7049	1318
7050	13
7051	39
7052	1000
7053	1947
7054	129
7055	82
7056	227
7057	35
7058	447
7059	2151
7060	2882
7061	2277
7062	261
7063	4625
7064	5592
7065	1
7066	6730
7067	5505
7068	5304
7069	2219
7070	5684
7071	5499
7072	6472
7073	2277
7074	1332
7075	4418
7076	1401
7077	485
7078	74
7079	1
7080	6730
7081	5
7082	5449
7083	3
7084	3300
7085	1489
7086	74
7087	48
7088	1387
7089	6657
7090	2590
7091	2137
7092	1920
7093	1059
7094	2325
7095	2382
7096	226
7097	606
7098	3633
7099	6158
7100	282
7101	4931
7102	71
7103	1261
7104	862
7105	562
7106	1502
7107	1218
7108	2085
7109	304
7110	5089
7111	2121
7112	0
7113	2470
7114	589
7115	522
7116	2180
7117	1337
7118	991
7119	6288
7120	4175
7121	3870
7122	1460
7123	2410
7124	3943
7125	1360
7126	397
7127	2761
7128	1259
7129	1809
7130	4176
7131	6769
7132	993
7133	6591
7134	573
7135	2
7136	30
7137	519
7138	3027
7139	6753
7140	333
7141	1
7142	1259
7143	4797
7144	4167
7145	3694
7146	1830
7147	3594
7148	5574
7149	2692
7150	869
7151	2223
7152	202
7153	2303
7154	4
7155	2782
7156	5354
7157	22
7158	325
7159	13
7160	163
7161	6166
7162	3110
7163	961
7164	50
7165	2769
7166	2672
7167	1452
7168	1801
7169	1474
7170	7003
7171	26
7172	9
7173	4887
7174	3425
7175	10
7176	4690
7177	5505
7178	2097
7179	7061
7180	5975
7181	241
7182	5576
7183	54
7184	3
7185	5034
7186	971
7187	11
7188	2801
7189	3095
7190	681
7191	1259
7192	920
7193	6100
7194	1474
7195	2407
7196	202
7197	5491
7198	5519
7199	4327
7200	896
7201	1954
7202	4604
7203	1051
7204	1705
7205	577
7206	6745
7207	1724
7208	1830
7209	1558
7210	1153
7211	2151
7212	4332
7213	6552
7214	33
7215	565
7216	768
7217	3234
7218	65
7219	1430
7220	4921
7221	732
7222	522
7223	385
7224	30
7225	688
7226	13
7227	571
7228	271
7229	26
7230	876
7231	1469
7232	7070
7233	984
7234	3233
7235	515
7236	797
7237	6636
7238	5550
7239	1528
7240	6997
7241	3442
7242	1638
7243	1828
7244	103
7245	5602
7246	1479
7247	5402
7248	333
7249	355
7250	5429
7251	393
7252	4524
7253	3461
7254	6
7255	3379
7256	6116
7257	5186
7258	74
7259	2569
7260	680
7261	741
7262	1437
7263	7218
7264	4787
7265	24
7266	717
7267	6909
7268	7057
7269	6032
7270	53
7271	30
7272	1298
7273	234
7274	214
7275	7249
7276	187
7277	1183
7278	2875
7279	853
7280	2705
7281	3010
7282	370
7283	95
7284	6816
7285	1885
7286	1592
7287	2748
7288	434
7289	11
7290	106
7291	47
7292	811
7293	1307
7294	2074
7295	6770
7296	794
7297	9
7298	207
7299	17
7300	3949
7301	2528
7302	1526
7303	3787
7304	3683
7305	2936
7306	6582
7307	4892
7308	114
7309	1554
7310	3
7311	1744
7312	115
7313	571
7314	1670
7315	1511
7316	1717
7317	122
7318	1
7319	4291
7320	2199
7321	218
7322	1039
7323	2810
7324	30
7325	5138
7326	5952
7327	10
7328	1505
7329	7195
7330	2825
7331	5076
7332	3850
7333	6827
7334	7
7335	4217
7336	1592
7337	18
7338	4606
7339	677
7340	3553
7341	26
7342	726
7343	7
7344	2315
7345	6788
7346	3721
7347	2615
7348	434
7349	6902
7350	1381
7351	316
7352	937
7353	1360
7354	7
7355	1795
7356	852
7357	973
7358	218
7359	7183
7360	118
7361	1282
7362	839
7363	484
7364	103
7365	4321
7366	380
7367	571
7368	1203
7369	1175
7370	3016
7371	49
7372	7204
7373	3361
7374	1282
7375	2063
7376	4917
7377	6866
7378	3254
7379	3105
7380	1282
7381	5897
7382	6730
7383	6063
7384	1986
7385	6297
7386	3157
7387	6853
7388	4677
7389	5019
7390	240
7391	2201
7392	5403
7393	1602
7394	28
7395	2887
7396	3857
7397	876
7398	24
7399	792
7400	699
7401	422
7402	1096
7403	1390
7404	50
7405	4187
7406	5444
7407	4478
7408	31
7409	1045
7410	481
7411	156
7412	992
7413	139
7414	302
7415	2569
7416	5744
7417	3654
7418	7106
7419	2130
7420	5126
7421	24
7422	4372
7423	3738
7424	1880
7425	523
7426	3969
7427	4000
7428	7336
7429	805
7430	973
7431	1880
7432	381
7433	2121
7434	353
7435	3464
7436	402
7437	2125
7438	3416
7439	2723
7440	515
7441	142
7442	5853
7443	1
7444	255
7445	3623
7446	114
7447	7
7448	4728
7449	1511
7450	4637
7451	1881
7452	628
7453	5528
7454	506
7455	1
7456	3915
7457	6727
7458	1916
7459	4142
7460	280
7461	4785
7462	86
7463	6618
7464	3308
7465	84
7466	3442
7467	1557
7468	5627
7469	796
7470	1969
7471	5585
7472	5362
7473	2470
7474	3501
7475	2273
7476	4892
7477	6074
7478	3429
7479	2063
7480	135
7481	519
7482	3400
7483	6317
7484	5848
7485	219
7486	664
7487	19
7488	50
7489	3389
7490	6475
7491	67
7492	1781
7493	2363
7494	563
7495	3
7496	190
7497	2054
7498	5834
7499	6222
7500	4587
7501	688
7502	777
7503	428
7504	505
7505	2387
7506	812
7507	548
7508	2730
7509	6262
7510	103
7511	4
7512	5599
7513	3030
7514	722
7515	2034
7516	7
7517	2249
7518	1161
7519	6370
7520	429
7521	2111
7522	1630
7523	5765
7524	366
7525	771
7526	7474
7527	65
7528	6554
7529	481
7530	492
7531	1638
7532	912
7533	7513
7534	5771
7535	564
7536	808
7537	1375
7538	48
7539	1748
7540	43
7541	4488
7542	1892
7543	1296
7544	170
7545	2158
7546	6996
7547	13
7548	4284
7549	929
7550	219
7551	4024
7552	236
7553	5206
7554	7035
7555	7
7556	2554
7557	293
7558	6745
7559	677
7560	2622
7561	127
7562	6891
7563	1830
7564	55
7565	1567
7566	4161
7567	2673
7568	3732
7569	9
7570	6801
7571	650
7572	5625
7573	216
7574	2286
7575	4344
7576	3021
7577	2881
7578	17
7579	2574
7580	6925
7581	715
7582	1468
7583	574
7584	3911
7585	5859
7586	4123
7587	5322
7588	7543
7589	1966
7590	35
7591	242
7592	2002
7593	732
7594	1088
7595	277
7596	3409
7597	148
7598	4
7599	1637
7600	3101
7601	1953
7602	128
7603	6127
7604	1815
7605	220
7606	2505
7607	3224
7608	128
7609	5638
7610	470
7611	631
7612	6248
7613	842
7614	4574
7615	5994
7616	2586
7617	722
7618	1059
7619	2140
7620	26
7621	7390
7622	3561
7623	4561
7624	10
7625	388
7626	190
7627	3377
7628	4947
7629	74
7630	6040
7631	1648
7632	22
7633	3283
7634	2105
7635	5744
7636	2357
7637	2569
7638	3629
7639	299
7640	1011
7641	1031
7642	845
7643	552
7644	995
7645	2413
7646	0
7647	452
7648	481
7649	260
7650	1183
7651	385
7652	1118
7653	1502
7654	7454
7655	4092
7656	30
7657	60
7658	4175
7659	1012
7660	3642
7661	19
7662	934
7663	474
7664	383
7665	462
7666	554
7667	76
7668	5536
7669	1322
7670	1693
7671	1445
7672	6523
7673	2180
7674	7420
7675	1711
7676	4532
7677	7
7678	7
7679	2426
7680	3189
7681	6040
7682	2485
7683	1288
7684	1524
7685	590
7686	6192
7687	3005
7688	638
7689	2399
7690	125
7691	5679
7692	7291
7693	5251
7694	6922
7695	141
7696	6154
7697	6334
7698	7
7699	3219
7700	4283
7701	3725
7702	1015
7703	174
7704	434
7705	653
7706	267
7707	536
7708	5287
7709	1784
7710	1442
7711	7076
7712	458
7713	3894
7714	5217
7715	197
7716	2520
7717	5816
7718	3618
7719	5722
7720	2181
7721	3234
7722	576
7723	5304
7724	1935
7725	5803
7726	556
7727	5458
7728	7368
7729	145
7730	3868
7731	1441
7732	577
7733	360
7734	2165
7735	6285
7736	277
7737	664
7738	1763
7739	4512
7740	319
7741	4
7742	6281
7743	4979
7744	5957
7745	139
7746	1020
7747	7510
7748	3960
7749	2090
7750	2059
7751	163
7752	2653
7753	3055
7754	2904
7755	135
7756	713
7757	1260
7758	5640
7759	60
7760	5017
7761	3742
7762	6040
7763	3414
7764	5773
7765	1096
7766	6403
7767	290
7768	7090
7769	3704
7770	4833
7771	1201
7772	3180
7773	2775
7774	912
7775	1542
7776	10
7777	242
7778	353
7779	394
7780	114
7781	6279
7782	2273
7783	1
7784	10
7785	556
7786	3168
7787	3499
7788	2828
7789	2026
7790	1819
7791	3662
7792	1630
7793	3858
7794	3936
7795	2151
7796	1
7797	2007
7798	3457
7799	2922
7800	111
7801	613
7802	1908
7803	3298
7804	3732
7805	4190
7806	1453
7807	304
7808	1102
7809	7443
7810	7387
7811	273
7812	3534
7813	2439
7814	3470
7815	2997
7816	1161
7817	7208
7818	2511
7819	2606
7820	2342
7821	451
7822	63
7823	3380
7824	240
7825	4623
7826	2460
7827	49
7828	3536
7829	5737
7830	1
7831	1145
7832	2363
7833	635
7834	1359
7835	1582
7836	5425
7837	3101
7838	2600
7839	3504
7840	140
7841	31
7842	961
7843	129
7844	377
7845	7703
7846	3376
7847	1504
7848	611
7849	183
7850	712
7851	1993
7852	61
7853	919
7854	3907
7855	7622
7856	5037
7857	833
7858	629
7859	2172
7860	1
7861	5081
7862	430
7863	896
7864	4645
7865	2303
7866	4480
7867	238
7868	258
7869	4993
7870	271
7871	5
7872	1415
7873	6728
7874	1539
7875	199
7876	1
7877	4930
7878	226
7879	6756
7880	30
7881	5550
7882	515
7883	3309
7884	2000
7885	2173
7886	2652
7887	53
7888	1987
7889	2617
7890	565
7891	261
7892	523
7893	2281
7894	5173
7895	1
7896	13
7897	2605
7898	6143
7899	5970
7900	3075
7901	2223
7902	1353
7903	325
7904	35
7905	13
7906	84
7907	4405
7908	5029
7909	155
7910	2275
7911	1986
7912	2673
7913	116
7914	7754
7915	4210
7916	2341
7917	7595
7918	44
7919	0
7920	621
7921	258
7922	4694
7923	9
7924	3867
7925	4735
7926	3894
7927	486
7928	7450
7929	271
7930	588
7931	86
7932	2318
7933	4908
7934	874
7935	4755
7936	3051
7937	195
7938	1437
7939	2781
7940	2875
7941	445
7942	6962
7943	1468
7944	577
7945	3742
7946	446
7947	1995
7948	7096
7949	7596
7950	720
7951	4486
7952	1090
7953	2574
7954	13
7955	3493
7956	2341
7957	6309
7958	2205
7959	4342
7960	6369
7961	2664
7962	1390
7963	2814
7964	949
7965	6152
7966	119
7967	2084
7968	978
7969	6898
7970	2293
7971	2274
7972	212
7973	4931
7974	2562
7975	1
7976	842
7977	0
7978	921
7979	64
7980	7
7981	366
7982	3219
7983	3578
7984	2127
7985	549
7986	753
7987	22
7988	332
7989	2748
7990	82
7991	1682
7992	5279
7993	30
7994	1461
7995	3644
7996	1940
7997	988
7998	4100
7999	4758
8000	7139
8001	777
8002	2180
8003	2775
8004	10
8005	6977
8006	309
8007	4856
8008	1119
8009	6117
8010	1984
8011	4568
8012	4919
8013	7421
8014	1058
8015	574
8016	4903
8017	318
8018	3366
8019	7129
8020	2818
8021	6877
8022	5000
8023	4931
8024	819
8025	711
8026	5790
8027	2180
8028	220
8029	71
8030	174
8031	5603
8032	616
8033	4640
8034	1375
8035	259
8036	1282
8037	633
8038	3705
8039	4542
8040	7722
8041	1156
8042	194
8043	2162
8044	1680
8045	562
8046	843
8047	41
8048	2470
8049	7962
8050	3421
8051	7674
8052	2099
8053	7079
8054	7446
8055	564
8056	1492
8057	2550
8058	2524
8059	5162
8060	1
8061	3969
8062	333
8063	2318
8064	7387
8065	4865
8066	367
8067	4611
8068	954
8069	876
8070	1442
8071	5466
8072	857
8073	1286
8074	2863
8075	160
8076	32
8077	2878
8078	5567
8079	1953
8080	4919
8081	1459
8082	1527
8083	1957
8084	5130
8085	78
8086	3427
8087	1
8088	6370
8089	4796
8090	2219
8091	3464
8092	2397
8093	1463
8094	340
8095	2780
8096	3183
8097	2903
8098	7983
8099	18
8100	1428
8101	54
8102	277
8103	3412
8104	7138
8105	797
8106	1731
8107	1354
8108	835
8109	259
8110	4217
8111	8008
8112	43
8113	197
8114	3192
8115	3232
8116	626
8117	1830
8118	7006
8119	468
8120	5492
8121	2234
8122	6201
8123	624
8124	194
8125	4200
8126	4001
8127	5428
8128	4868
8129	293
8130	611
8131	5679
8132	1559
8133	2105
8134	7843
8135	261
8136	114
8137	3903
8138	6746
8139	381
8140	5867
8141	4414
8142	484
8143	3164
8144	2732
8145	2400
8146	114
8147	345
8148	122
8149	2875
8150	5241
8151	7771
8152	1049
8153	433
8154	4187
8155	1913
8156	1360
8157	6334
8158	1977
8159	6357
8160	1786
8161	2631
8162	115
8163	1428
8164	712
8165	3268
8166	3365
8167	77
8168	5232
8169	950
8170	5375
8171	4787
8172	5027
8173	1603
8174	6400
8175	4447
8176	4758
8177	1451
8178	7242
8179	7767
8180	1800
8181	1615
8182	7
8183	2614
8184	5007
8185	82
8186	373
8187	5018
8188	7741
8189	378
8190	1113
8191	4469
8192	2271
8193	3274
8194	7190
8195	54
8196	1201
8197	6832
8198	840
8199	893
8200	494
8201	961
8202	2255
8203	1428
8204	5433
8205	5501
8206	3939
8207	3380
8208	3164
8209	4772
8210	119
8211	2923
8212	514
8213	2007
8214	984
8215	1479
8216	5750
8217	5639
8218	816
8219	688
8220	3663
8221	959
8222	5592
8223	3322
8224	4750
8225	0
8226	650
8227	4000
8228	3405
8229	3070
8230	5904
8231	6447
8232	8010
8233	5473
8234	7099
8235	1094
8236	3058
8237	4538
8238	5473
8239	317
8240	44
8241	7158
8242	3930
8243	2600
8244	295
8245	6029
8246	7598
8247	103
8248	4919
8249	1052
8250	725
8251	84
8252	507
8253	611
8254	6264
8255	7588
8256	3433
8257	2728
8258	7077
8259	828
8260	2925
8261	343
8262	1
8263	7358
8264	5156
8265	7123
8266	716
8267	2019
8268	3936
8269	5644
8270	688
8271	460
8272	655
8273	2518
8274	4555
8275	4379
8276	45
8277	7725
8278	2166
8279	18
8280	3033
8281	586
8282	3617
8283	6056
8284	2108
8285	176
8286	2056
8287	1676
8288	2716
8289	1613
8290	7909
8291	484
8292	7027
8293	663
8294	24
8295	1464
8296	67
8297	7066
8298	7542
8299	2069
8300	611
8301	3241
8302	279
8303	8213
8304	554
8305	9
8306	4383
8307	5630
8308	48
8309	1977
8310	991
8311	798
8312	2105
8313	86
8314	56
8315	261
8316	2179
8317	2380
8318	226
8319	2744
8320	3625
8321	86
8322	5375
8323	6733
8324	193
8325	2921
8326	5135
8327	0
8328	616
8329	7
8330	6154
8331	3464
8332	24
8333	31
8334	826
8335	3804
8336	853
8337	4116
8338	2777
8339	880
8340	6253
8341	7794
8342	2054
8343	1644
8344	6243
8345	603
8346	536
8347	6264
8348	863
8349	1783
8350	1644
8351	623
8352	8036
8353	3043
8354	336
8355	1
8356	5891
8357	5031
8358	436
8359	3969
8360	562
8361	322
8362	5877
8363	4078
8364	3560
8365	668
8366	1637
8367	1752
8368	469
8369	673
8370	1223
8371	1779
8372	3075
8373	7647
8374	3
8375	4417
8376	7
8377	4235
8378	2607
8379	1682
8380	1551
8381	7971
8382	3850
8383	7478
8384	3893
8385	47
8386	682
8387	7147
8388	282
8389	47
8390	2315
8391	5966
8392	1085
8393	435
8394	636
8395	2679
8396	811
8397	8329
8398	5887
8399	322
8400	2364
8401	838
8402	4587
8403	1453
8404	4773
8405	22
8406	88
8407	2284
8408	222
8409	5448
8410	8251
8411	4
8412	507
8413	712
8414	2927
8415	5964
8416	3799
8417	286
8418	1098
8419	3336
8420	120
8421	5140
8422	7
8423	8234
8424	8300
8425	2920
8426	74
8427	373
8428	86
8429	22
8430	7636
8431	8002
8432	732
8433	8023
8434	6323
8435	1830
8436	4324
8437	5602
8438	1342
8439	5304
8440	699
8441	1
8442	6889
8443	56
8444	1530
8445	790
8446	115
8447	5482
8448	554
8449	137
8450	67
8451	579
8452	2075
8453	5471
8454	6331
8455	399
8456	1192
8457	3
8458	2518
8459	2156
8460	842
8461	6574
8462	4641
8463	3239
8464	3192
8465	5509
8466	535
8467	3061
8468	6805
8469	1954
8470	587
8471	4524
8472	1115
8473	394
8474	6398
8475	2607
8476	1920
8477	2986
8478	599
8479	3162
8480	5811
8481	789
8482	3030
8483	523
8484	364
8485	2463
8486	271
8487	233
8488	1111
8489	5514
8490	6845
8491	259
8492	7987
8493	4652
8494	4
8495	610
8496	5985
8497	3701
8498	4
8499	187
8500	2678
8501	2197
8502	0
8503	6153
8504	309
8505	6992
8506	719
8507	4007
8508	3843
8509	1327
8510	7437
8511	1282
8512	227
8513	329
8514	876
8515	1260
8516	355
8517	4108
8518	119
8519	611
8520	4675
8521	109
8522	50
8523	7598
8524	1414
8525	2337
8526	5929
8527	1289
8528	35
8529	7522
8530	7758
8531	184
8532	139
8533	1203
8534	2065
8535	7378
8536	1847
8537	2615
8538	2968
8539	4853
8540	1954
8541	6241
8542	67
8543	559
8544	2328
8545	187
8546	3050
8547	4787
8548	6408
8549	1297
8550	563
8551	7249
8552	4699
8553	3903
8554	1408
8555	470
8556	7644
8557	1
8558	5817
8559	1855
8560	4411
8561	3014
8562	719
8563	946
8564	3186
8565	538
8566	2780
8567	2268
8568	6559
8569	3
8570	1112
8571	4455
8572	8481
8573	7341
8574	840
8575	5333
8576	5960
8577	4831
8578	6006
8579	3600
8580	1162
8581	611
8582	43
8583	1504
8584	2592
8585	677
8586	167
8587	4449
8588	3902
8589	3618
8590	2426
8591	5147
8592	30
8593	129
8594	3618
8595	4846
8596	4490
8597	2211
8598	1111
8599	197
8600	191
8601	362
8602	73
8603	3145
8604	835
8605	3365
8606	356
8607	4
8608	1316
8609	2119
8610	49
8611	1763
8612	56
8613	2524
8614	352
8615	1354
8616	11
8617	6801
8618	37
8619	5783
8620	108
8621	764
8622	194
8623	3665
8624	5205
8625	1056
8626	5658
8627	2677
8628	8289
8629	1935
8630	8562
8631	4653
8632	229
8633	6558
8634	3584
8635	24
8636	5157
8637	1737
8638	261
8639	7386
8640	7
8641	2051
8642	1583
8643	4658
8644	10
8645	116
8646	5979
8647	4078
8648	4397
8649	9
8650	8088
8651	22
8652	2196
8653	3907
8654	44
8655	611
8656	1613
8657	378
8658	240
8659	616
8660	2518
8661	304
8662	261
8663	7054
8664	2111
8665	18
8666	1361
8667	5265
8668	29
8669	367
8670	1126
8671	795
8672	69
8673	409
8674	5886
8675	1153
8676	8646
8677	7049
8678	6534
8679	1911
8680	30
8681	1196
8682	7176
8683	733
8684	1203
8685	133
8686	136
8687	417
8688	22
8689	3286
8690	1053
8691	214
8692	1016
8693	538
8694	7389
8695	1011
8696	7354
8697	5419
8698	563
8699	3850
8700	1001
8701	1172
8702	5
8703	5897
8704	5164
8705	1023
8706	18
8707	9
8708	889
8709	5265
8710	1104
8711	3004
8712	4510
8713	6627
8714	441
8715	1948
8716	2766
8717	2538
8718	4985
8719	4450
8720	12
8721	8536
8722	747
8723	7119
8724	202
8725	4800
8726	10
8727	7208
8728	954
8729	1618
8730	267
8731	2479
8732	6414
8733	6513
8734	1429
8735	882
8736	4466
8737	1
8738	4346
8739	3777
8740	82
8741	753
8742	1059
8743	7962
8744	1085
8745	115
8746	2530
8747	449
8748	934
8749	64
8750	1047
8751	1
8752	69
8753	235
8754	2583
8755	5574
8756	6694
8757	1
8758	5869
8759	2491
8760	609
8761	1379
8762	1282
8763	1433
8764	26
8765	685
8766	6737
8767	4190
8768	6524
8769	7441
8770	1525
8771	3696
8772	10
8773	1159
8774	5519
8775	1754
8776	1786
8777	8020
8778	3131
8779	611
8780	1645
8781	8463
8782	3725
8783	4807
8784	3562
8785	986
8786	2010
8787	116
8788	1991
8789	239
8790	3497
8791	1636
8792	8648
8793	2317
8794	1595
8795	2196
8796	1200
8797	3659
8798	2076
8799	4255
8800	4455
8801	168
8802	6141
8803	363
8804	235
8805	1980
8806	2736
8807	4987
8808	6998
8809	4843
8810	1444
8811	486
8812	27
8813	7240
8814	5202
8815	1801
8816	6784
8817	159
8818	109
8819	3149
8820	111
8821	2728
8822	8793
8823	5949
8824	8385
8825	235
8826	474
8827	6660
8828	7923
8829	6241
8830	435
8831	4916
8832	6943
8833	6154
8834	1829
8835	5721
8836	76
8837	1104
8838	187
8839	5134
8840	512
8841	5567
8842	4323
8843	8404
8844	82
8845	2155
8846	2508
8847	715
8848	7249
8849	48
8850	7971
8851	4385
8852	1899
8853	3006
8854	991
8855	5314
8856	673
8857	719
8858	4606
8859	1645
8860	3312
8861	1813
8862	125
8863	5847
8864	3554
8865	4
8866	309
8867	6816
8868	797
8869	1457
8870	2060
8871	8517
8872	7047
8873	449
8874	2607
8875	274
8876	5315
8877	5949
8878	1683
8879	667
8880	2980
8881	2
8882	345
8883	3
8884	3245
8885	3464
8886	3
8887	1297
8888	8868
8889	50
8890	4688
8891	63
8892	2978
8893	1289
8894	399
8895	1921
8896	88
8897	1131
8898	6513
8899	725
8900	2404
8901	1385
8902	1935
8903	8526
8904	10
8905	3302
8906	8750
8907	0
8908	8070
8909	6962
8910	8220
8911	2463
8912	4947
8913	6869
8914	7593
8915	3
8916	1672
8917	5584
8918	216
8919	7092
8920	128
8921	4351
8922	4240
8923	8542
8924	3389
8925	3
8926	135
8927	5133
8928	1428
8929	571
8930	6113
8931	4517
8932	4903
8933	1841
8934	309
8935	994
8936	170
8937	8234
8938	2499
8939	2180
8940	1656
8941	6119
8942	6958
8943	730
8944	3251
8945	1841
8946	1630
8947	6439
8948	11
8949	5807
8950	206
8951	338
8952	6412
8953	3512
8954	749
8955	1764
8956	56
8957	6002
8958	965
8959	1805
8960	8008
8961	5403
8962	602
8963	65
8964	82
8965	2183
8966	10
8967	366
8968	5446
8969	92
8970	302
8971	4878
8972	2401
8973	5553
8974	3865
8975	853
8976	43
8977	181
8978	333
8979	1703
8980	343
8981	373
8982	64
8983	13
8984	2060
8985	7077
8986	7110
8987	5355
8988	812
8989	7664
8990	30
8991	6324
8992	248
8993	913
8994	7693
8995	6996
8996	6098
8997	7643
8998	33
8999	3636
9000	1977
9001	197
9002	943
9003	7
9004	125
9005	7860
9006	1320
9007	966
9008	5293
9009	478
9010	3989
9011	732
9012	7
9013	615
9014	4785
9015	7526
9016	1079
9017	4291
9018	6142
9019	8015
9020	7060
9021	808
9022	6308
9023	1089
9024	1040
9025	2846
9026	4207
9027	7
9028	1168
9029	1130
9030	197
9031	3959
9032	3159
9033	1543
9034	7008
9035	2275
9036	2328
9037	523
9038	2705
9039	4390
9040	354
9041	4939
9042	1520
9043	1365
9044	1616
9045	8562
9046	1848
9047	725
9048	224
9049	1216
9050	1261
9051	3789
9052	8526
9053	2524
9054	7804
9055	732
9056	2905
9057	727
9058	5153
9059	6859
9060	245
9061	5509
9062	1544
9063	1730
9064	5322
9065	2838
9066	5394
9067	3
9068	5005
9069	69
9070	5997
9071	4470
9072	235
9073	4919
9074	5458
9075	0
9076	6978
9077	3623
9078	7118
9079	173
9080	3721
9081	2659
9082	5726
9083	1754
9084	537
9085	3548
9086	8000
9087	932
9088	5649
9089	4931
9090	156
9091	1200
9092	6100
9093	4852
9094	484
9095	1190
9096	1088
9097	3877
9098	7960
9099	3286
9100	1520
9101	2862
9102	286
9103	5553
9104	181
9105	886
9106	1762
9107	13
9108	4383
9109	1953
9110	3235
9111	2138
9112	2429
9113	1274
9114	688
9115	2045
9116	4947
9117	1978
9118	696
9119	7673
9120	4450
9121	239
9122	3157
9123	4387
9124	2193
9125	1461
9126	6194
9127	5048
9128	2867
9129	3322
9130	1428
9131	6100
9132	4575
9133	3411
9134	1885
9135	1
9136	4916
9137	611
9138	144
9139	4914
9140	4779
9141	66
9142	56
9143	3219
9144	35
9145	115
9146	2903
9147	2179
9148	4000
9149	2638
9150	100
9151	3265
9152	8249
9153	5282
9154	115
9155	7242
9156	9083
9157	3732
9158	5259
9159	4358
9160	3705
9161	864
9162	116
9163	6629
9164	3721
9165	7218
9166	4291
9167	13
9168	3939
9169	688
9170	1489
9171	4175
9172	4018
9173	1127
9174	69
9175	4659
9176	3203
9177	1108
9178	415
9179	961
9180	2362
9181	4575
9182	5099
9183	1268
9184	5426
9185	850
9186	5956
9187	2214
9188	170
9189	3901
9190	2817
9191	713
9192	3821
9193	6821
9194	1938
9195	123
9196	1965
9197	13
9198	4485
9199	928
9200	2108
9201	281
9202	282
9203	2828
9204	2
9205	1
9206	8062
9207	5370
9208	4328
9209	4519
9210	197
9211	442
9212	5847
9213	1795
9214	4566
9215	3605
9216	3384
9217	6596
9218	613
9219	1464
9220	8042
9221	340
9222	1715
9223	7313
9224	10
9225	148
9226	47
9227	320
9228	984
9229	4466
9230	2959
9231	2771
9232	1662
9233	3438
9234	2824
9235	4297
9236	408
9237	1327
9238	4721
9239	2563
9240	5425
9241	1684
9242	5107
9243	3538
9244	4237
9245	5290
9246	74
9247	3666
9248	119
9249	275
9250	6382
9251	4113
9252	24
9253	1091
9254	2559
9255	4178
9256	1
9257	1
9258	1760
9259	1063
9260	2698
9261	220
9262	5300
9263	2883
9264	841
9265	5097
9266	5101
9267	1115
9268	3859
9269	613
9270	88
9271	319
9272	400
9273	37
9274	2413
9275	802
9276	28
9277	7644
9278	160
9279	3734
9280	13
9281	202
9282	2105
9283	1031
9284	3800
9285	2887
9286	6503
9287	3283
9288	4460
9289	6936
9290	3367
9291	86
9292	2398
9293	8907
9294	9253
9295	2179
9296	10
9297	1900
9298	468
9299	4470
9300	1752
9301	84
9302	2871
9303	3824
9304	429
9305	6867
9306	932
9307	2026
9308	2218
9309	4577
9310	1459
9311	1226
9312	10
9313	5792
9314	187
9315	2052
9316	4118
9317	1191
9318	2972
9319	43
9320	3485
9321	6549
9322	512
9323	8787
9324	991
9325	1459
9326	79
9327	271
9328	212
9329	2479
9330	3255
9331	4624
9332	2955
9333	636
9334	7894
9335	544
9336	5468
9337	1881
9338	8565
9339	3
9340	1
9341	220
9342	9
9343	7911
9344	4575
9345	2277
9346	2387
9347	392
9348	2548
9349	7193
9350	4177
9351	575
9352	1793
9353	877
9354	522
9355	5530
9356	5085
9357	4039
9358	843
9359	1
9360	2980
9361	1
9362	4685
9363	564
9364	400
9365	1705
9366	3104
9367	2935
9368	18
9369	1414
9370	7
9371	1976
9372	776
9373	5536
9374	240
9375	8574
9376	6805
9377	3612
9378	297
9379	1810
9380	9011
9381	2177
9382	2264
9383	1710
9384	383
9385	1172
9386	7293
9387	1
9388	312
9389	3555
9390	3016
9391	1241
9392	406
9393	216
9394	2508
9395	2001
9396	1524
9397	50
9398	48
9399	8836
9400	3224
9401	3380
9402	4898
9403	206
9404	267
9405	4149
9406	2365
9407	6229
9408	7
9409	5686
9410	13
9411	8314
9412	4694
9413	5779
9414	1201
9415	56
9416	8196
9417	429
9418	56
9419	486
9420	3907
9421	4
9422	4372
9423	37
9424	618
9425	6024
9426	1676
9427	7420
9428	3109
9429	397
9430	4735
9431	3030
9432	2838
9433	4044
9434	8552
9435	1886
9436	715
9437	874
9438	156
9439	277
9440	117
9441	702
9442	9394
9443	6304
9444	1554
9445	13
9446	2239
9447	4719
9448	1094
9449	1374
9450	269
9451	2222
9452	1937
9453	921
9454	764
9455	744
9456	1082
9457	5037
9458	2767
9459	7432
9460	2858
9461	7076
9462	4286
9463	8564
9464	5848
9465	3300
9466	3962
9467	53
9468	4660
9469	2588
9470	2544
9471	2627
9472	1682
9473	4120
9474	170
9475	9394
9476	417
9477	396
9478	4111
9479	13
9480	6006
9481	6878
9482	109
9483	7290
9484	1630
9485	610
9486	1082
9487	1754
9488	4721
9489	6131
9490	7830
9491	1259
9492	1106
9493	2055
9494	5608
9495	115
9496	816
9497	3094
9498	12
9499	245
9500	1528
9501	5574
9502	500
9503	1637
9504	913
9505	953
9506	7323
9507	18
9508	47
9509	601
9510	0
9511	14
9512	3453
9513	3680
9514	792
9515	2659
9516	8562
9517	1069
9518	385
9519	3470
9520	2286
9521	437
9522	1058
9523	3318
9524	589
9525	265
9526	523
9527	7667
9528	6271
9529	6673
9530	4917
9531	385
9532	5425
9533	523
9534	7635
9535	5979
9536	3857
9537	3359
9538	6984
9539	3
9540	5572
9541	4340
9542	491
9543	2585
9544	1360
9545	607
9546	637
9547	8170
9548	6343
9549	1560
9550	4001
9551	64
9552	6989
9553	3925
9554	634
9555	713
9556	6080
9557	3353
9558	1091
9559	1046
9560	340
9561	6627
9562	1031
9563	7024
9564	3436
9565	8612
9566	5266
9567	6865
9568	7145
9569	3534
9570	5304
9571	2794
9572	6676
9573	420
9574	2500
9575	719
9576	837
9577	142
9578	1058
9579	4637
9580	64
9581	5990
9582	954
9583	2841
9584	1786
9585	7166
9586	2467
9587	8669
9588	7436
9589	233
9590	261
9591	1894
9592	1058
9593	94
9594	6152
9595	9485
9596	1982
9597	8308
9598	4876
9599	133
9600	5325
9601	4098
9602	3991
9603	474
9604	1919
9605	447
9606	6369
9607	2629
9608	9084
9609	1410
9610	5223
9611	5788
9612	360
9613	1
9614	3168
9615	2695
9616	5684
9617	3723
9618	1973
9619	4220
9620	121
9621	893
9622	1216
9623	112
9624	197
9625	2227
9626	7029
9627	73
9628	587
9629	668
9630	8437
9631	155
9632	101
9633	5384
9634	4660
9635	5550
9636	7420
9637	6227
9638	3901
9639	3141
9640	166
9641	856
9642	6864
9643	1162
9644	538
9645	7870
9646	881
9647	119
9648	946
9649	3518
9650	2801
9651	3101
9652	6349
9653	231
9654	1217
9655	4433
9656	2
9657	242
9658	2698
9659	8768
9660	499
9661	1252
9662	2219
9663	219
9664	3425
9665	434
9666	1
9667	3226
9668	7588
9669	19
9670	6027
9671	1430
9672	3244
9673	5081
9674	6083
9675	2
9676	1450
9677	3031
9678	6037
9679	332
9680	886
9681	95
9682	1091
9683	897
9684	115
9685	8514
9686	4255
9687	41
9688	634
9689	4423
9690	7250
9691	6110
9692	6685
9693	173
9694	1642
9695	4679
9696	6143
9697	296
9698	7504
9699	22
9700	5698
9701	2488
9702	262
9703	6623
9704	187
9705	339
9706	7681
9707	850
9708	1816
9709	7291
9710	3686
9711	5737
9712	5883
9713	291
9714	1111
9715	2548
9716	4336
9717	9
9718	9049
9719	2337
9720	3498
9721	19
9722	439
9723	239
9724	2180
9725	115
9726	955
9727	5568
9728	8945
9729	3425
9730	4116
9731	878
9732	565
9733	166
9734	712
9735	6582
9736	863
9737	95
9738	8945
9739	650
9740	2300
9741	3360
9742	9208
9743	6996
9744	6586
9745	2428
9746	4911
9747	6089
9748	1763
9749	571
9750	3
9751	7465
9752	232
9753	552
9754	2436
9755	522
9756	6750
9757	6612
9758	2938
9759	5741
9760	1375
9761	4755
9762	4989
9763	47
9764	4315
9765	2814
9766	168
9767	7954
9768	7136
9769	82
9770	7590
9771	4903
9772	5278
9773	9594
9774	7621
9775	1327
9776	1438
9777	1659
9778	7040
9779	1
9780	8390
9781	3966
9782	295
9783	1371
9784	1387
9785	174
9786	10
9787	3415
9788	5704
9789	1034
9790	6262
9791	8975
9792	8518
9793	828
9794	4589
9795	2837
9796	6996
9797	4492
9798	923
9799	2890
9800	2033
9801	7046
9802	545
9803	2205
9804	14
9805	0
9806	116
9807	3610
9808	123
9809	8807
9810	616
9811	870
9812	1626
9813	7635
9814	938
9815	186
9816	6692
9817	1630
9818	124
9819	6028
9820	5209
9821	3051
9822	2923
9823	2337
9824	3839
9825	9732
9826	8082
9827	6321
9828	632
9829	2438
9830	12
9831	9585
9832	562
9833	1174
9834	1843
9835	1332
9836	3365
9837	548
9838	1529
9839	7419
9840	13
9841	1018
9842	1994
9843	1658
9844	6673
9845	2615
9846	282
9847	4972
9848	121
9849	220
9850	2780
9851	231
9852	7147
9853	5290
9854	6074
9855	6842
9856	1512
9857	767
9858	62
9859	2078
9860	730
9861	3562
9862	302
9863	9407
9864	1270
9865	2991
9866	1779
9867	941
9868	13
9869	1218
9870	4412
9871	4123
9872	6173
9873	2565
9874	5867
9875	6827
9876	2257
9877	2007
9878	6675
9879	2286
9880	4063
9881	4728
9882	940
9883	3129
9884	4370
9885	3
9886	2366
9887	849
9888	8347
9889	8609
9890	3291
9891	5451
9892	449
9893	1988
9894	9746
9895	4360
9896	4224
9897	973
9898	2009
9899	2932
9900	2012
9901	5086
9902	87
9903	2450
9904	8141
9905	2063
9906	7509
9907	67
9908	3282
9909	6664
9910	6628
9911	171
9912	6229
9913	1244
9914	2180
9915	767
9916	246
9917	7854
9918	142
9919	220
9920	7625
9921	5126
9922	1142
9923	5510
9924	3182
9925	56
9926	2575
9927	1471
9928	8513
9929	6582
9930	8614
9931	1975
9932	3947
9933	0
9934	1
9935	5747
9936	9060
9937	9107
9938	5878
9939	575
9940	5570
9941	1760
9942	4919
9943	3217
9944	7240
9945	8798
9946	1429
9947	547
9948	6439
9949	372
9950	5590
9951	1637
9952	261
9953	12
9954	5238
9955	4379
9956	5657
9957	2234
9958	115
9959	370
9960	4772
9961	6168
9962	4979
9963	8578
9964	5942
9965	397
9966	650
9967	5942
9968	90
9969	30
9970	212
9971	6884
9972	2707
9973	956
9974	1001
9975	224
9976	1195
9977	1921
9978	2453
9979	6248
9980	2025
9981	3383
9982	194
9983	4307
9984	282
9985	1632
9986	142
9987	261
9988	2060
9989	851
9990	1446
9991	5190
9992	1261
9993	2396
9994	492
9995	324
9996	6496
9997	3561
9998	44
9999	5906
